Execution: python3 ../src/NNDriver.py ../data/iris.csv 80 1000 8 6 6 6 6 6 6 6 6

Training data set size: 119 
Testing data set size: 30 

Total training iteration executed: 1000
Total training error = 64.7059% 

Neural Network model parameter are as follow:
Layer 0
	Neuron 1 weight: [0.0301, 0.0221, -0.0456, -0.0265, 0.028]
	Neuron 2 weight: [0.0495, 0.0286, -0.008, 0.0335, -0.0017]
	Neuron 3 weight: [0.0312, 0.0418, -0.037, -0.0041, -0.0348]
	Neuron 4 weight: [0.042, -0.0093, -0.0042, 0.0302, -0.047]
	Neuron 5 weight: [0.048, 0.017, -0.0186, -0.0234, 0.027]
	Neuron 6 weight: [-0.0259, -0.0496, 0.0248, -0.0156, 0.0433]
Layer 1
	Neuron 1 weight: [0.0116, 0.0383, -0.0176, 0.022, 0.0408, 0.0181, -0.0367]
	Neuron 2 weight: [-0.0471, 0.0279, 0.014, -0.0162, -0.0224, -0.0109, -0.0401]
	Neuron 3 weight: [0.0372, -0.0146, 0.0225, 0.0211, 0.0228, -0.0417, -0.0019]
	Neuron 4 weight: [-0.0231, -0.0299, 0.0347, -0.0279, -0.0299, -0.0324, -0.0371]
	Neuron 5 weight: [0.033, 0.0073, 0.0217, 0.0416, -0.0137, -0.036, -0.0293]
	Neuron 6 weight: [-0.0094, -0.0365, -0.038, 0.0299, -0.0347, -0.0416, 0.0309]
Layer 2
	Neuron 1 weight: [0.0493, 0.0402, 0.0191, -0.0107, 0.0146, -0.0042, -0.0396]
	Neuron 2 weight: [-0.0063, 0.0334, 0.0407, 0.0269, 0.0097, -0.039, -0.0267]
	Neuron 3 weight: [-0.0444, -0.0406, -0.0184, -0.0072, 0.0354, -0.0242, -0.0336]
	Neuron 4 weight: [-0.0118, -0.0486, -0.0322, 0.0339, 0.0077, 0.0487, 0.0331]
	Neuron 5 weight: [-0.0144, 0.0161, 0.0153, -0.0492, 0.0007, 0.0436, 0.0028]
	Neuron 6 weight: [-0.0245, -0.0095, -0.0071, -0.0478, 0.0171, -0.0128, 0.026]
Layer 3
	Neuron 1 weight: [0.0424, -0.0238, -0.015, -0.013, 0.0424, 0.0315, 0.0388]
	Neuron 2 weight: [0.0005, 0.0146, -0.032, -0.0406, 0.0118, -0.0407, -0.0307]
	Neuron 3 weight: [0.0233, -0.0208, 0.0422, 0.0497, -0.0289, 0.0097, -0.0339]
	Neuron 4 weight: [0.0486, 0.0054, 0.0425, -0.0182, -0.0229, 0.0035, 0.036]
	Neuron 5 weight: [-0.0433, 0.0358, -0.0092, -0.0153, 0.0352, 0.0286, 0.0295]
	Neuron 6 weight: [0.0179, -0.0099, -0.0306, 0.0027, -0.0075, 0.0233, 0.0174]
Layer 4
	Neuron 1 weight: [-0.0163, 0.0442, 0.0025, 0.0148, -0.0477, -0.0085, 0.0381]
	Neuron 2 weight: [-0.0441, -0.0472, -0.0468, -0.026, -0.0488, 0.011, 0.0325]
	Neuron 3 weight: [0.0036, -0.0036, 0.0457, -0.0476, -0.0258, 0.0205, 0.0305]
	Neuron 4 weight: [0.0148, 0.0212, 0.0401, 0.0489, 0.0287, -0.0355, -0.0454]
	Neuron 5 weight: [0.0204, 0.0213, -0.038, 0.0149, 0.0322, -0.0041, -0.046]
	Neuron 6 weight: [-0.0439, 0.0064, 0.0413, -0.0326, -0.0129, 0.0119, -0.0219]
Layer 5
	Neuron 1 weight: [0.019, 0.004, -0.0299, 0.0567, 0.0529, 0.0091, 0.0243]
	Neuron 2 weight: [-0.0206, 0.0435, 0.0042, 0.0453, 0.0527, 0.0078, 0.0384]
	Neuron 3 weight: [-0.0109, 0.0488, 0.0008, 0.0153, -0.01, 0.0462, 0.0461]
	Neuron 4 weight: [-0.0117, 0.0038, -0.0232, 0.0435, -0.005, -0.0202, 0.0567]
	Neuron 5 weight: [0.0343, 0.0522, -0.0211, 0.0491, 0.0008, -0.0302, 0.011]
	Neuron 6 weight: [-0.0365, 0.0133, 0.0097, 0.0464, 0.04, 0.0328, 0.0142]
Layer 6
	Neuron 1 weight: [0.2185, 0.0619, 0.0799, 0.069, 0.0507, 0.1396, 0.0679]
	Neuron 2 weight: [0.1455, 0.1119, 0.0949, 0.1057, 0.0443, 0.0472, 0.0551]
	Neuron 3 weight: [0.2399, 0.1411, 0.1361, 0.0973, 0.1452, 0.1187, 0.052]
	Neuron 4 weight: [0.1727, 0.0937, 0.1061, 0.0515, 0.1435, 0.1276, 0.0782]
	Neuron 5 weight: [0.2426, 0.1415, 0.1235, 0.0988, 0.1447, 0.0728, 0.1218]
	Neuron 6 weight: [0.1922, 0.1322, 0.0613, 0.0662, 0.0672, 0.0581, 0.0973]
Layer 7
	Neuron 1 weight: [-0.6764, -0.3791, -0.3254, -0.3974, -0.4283, -0.3671, -0.4103]
	Neuron 2 weight: [-0.6923, -0.4211, -0.3213, -0.3934, -0.3753, -0.4477, -0.3369]
	Neuron 3 weight: [-0.7504, -0.3436, -0.3352, -0.4022, -0.3557, -0.4074, -0.3449]
	Neuron 4 weight: [-0.6834, -0.3993, -0.4092, -0.359, -0.3631, -0.3599, -0.4139]
	Neuron 5 weight: [-0.6787, -0.3357, -0.3606, -0.4318, -0.3888, -0.4191, -0.3843]
	Neuron 6 weight: [-0.7244, -0.3845, -0.388, -0.405, -0.3811, -0.3813, -0.3203]
Layer 8
	Neuron 1 weight: [-0.6718, -0.2439, -0.2042, -0.2071, -0.2449, -0.251, -0.1943]
	Neuron 2 weight: [-0.5714, -0.2596, -0.2153, -0.2161, -0.2485, -0.2517, -0.2198]
	Neuron 3 weight: [-0.4312, -0.208, -0.1595, -0.1679, -0.2104, -0.1932, -0.1789]

Total test error = 73.3333% 


--- Execution time: 73.73123598098755 seconds ---
