Execution: python3 ../src/NNDriver.py ../data/iris.csv 80 1000 8 10 8 8 8 8 8 8 10

Training data set size: 119 
Testing data set size: 30 

Total training iteration executed: 1000
Total training error = 63.8655% 

Neural Network model parameter are as follow:
Layer 0
	Neuron 1 weight: [-0.0153, -0.0341, 0.0317, -0.0424, -0.005]
	Neuron 2 weight: [0.0048, -0.0064, -0.0473, 0.0236, 0.0069]
	Neuron 3 weight: [-0.0315, 0.0225, -0.0172, -0.0308, -0.0307]
	Neuron 4 weight: [-0.0032, -0.0258, -0.0241, -0.0475, 0.0128]
	Neuron 5 weight: [-0.0412, -0.037, 0.0352, 0.0031, 0.0333]
	Neuron 6 weight: [-0.0102, 0.0067, -0.0445, 0.0388, -0.0381]
	Neuron 7 weight: [0.0423, 0.0263, 0.0003, -0.0122, -0.041]
	Neuron 8 weight: [-0.0344, -0.0093, 0.0134, -0.0165, -0.0274]
	Neuron 9 weight: [-0.0044, 0.0164, -0.0211, -0.0395, -0.0248]
	Neuron 10 weight: [-0.0119, 0.0055, 0.0424, 0.0487, -0.0294]
Layer 1
	Neuron 1 weight: [0.0025, 0.0286, 0.0469, -0.0269, 0.0424, -0.007, -0.0097, 0.0319, 0.0031, 0.0152, -0.0135]
	Neuron 2 weight: [-0.0257, -0.0316, 0.0277, -0.0341, -0.0404, 0.0373, 0.0268, -0.0289, 0.0405, -0.0477, 0.0238]
	Neuron 3 weight: [-0.0382, 0.0371, 0.0479, 0.0199, -0.0487, -0.0497, -0.0309, -0.0197, 0.0337, -0.0277, -0.0267]
	Neuron 4 weight: [-0.0346, 0.0029, -0.0357, -0.027, 0.0267, -0.0367, 0.0171, 0.0075, 0.0013, -0.0121, 0.0436]
	Neuron 5 weight: [0.0306, -0.021, 0.0158, 0.0024, -0.028, 0.0438, -0.0183, -0.0425, -0.0192, 0.0444, -0.0411]
	Neuron 6 weight: [0.0241, -0.0156, 0.0414, -0.0307, 0.0146, 0.0467, -0.0466, 0.0122, 0.0349, -0.0197, -0.0233]
	Neuron 7 weight: [-0.0499, 0.0379, -0.0092, -0.0398, 0.0151, 0.0297, 0.0148, 0.028, 0.045, -0.0456, -0.007]
	Neuron 8 weight: [0.0096, 0.032, -0.0288, 0.0171, -0.0221, 0.0087, -0.0112, -0.0139, -0.0021, 0.0203, -0.0321]
Layer 2
	Neuron 1 weight: [-0.046, -0.0338, -0.0387, 0.0097, -0.0227, 0.0419, -0.0222, -0.0367, 0.0257]
	Neuron 2 weight: [-0.0315, -0.0238, -0.0314, -0.0356, 0.0096, 0.039, -0.0192, 0.0128, -0.0419]
	Neuron 3 weight: [-0.0017, -0.0194, -0.041, 0.0491, 0.0312, -0.0342, 0.0284, -0.0072, 0.0349]
	Neuron 4 weight: [-0.0362, -0.0052, 0.0399, -0.0033, -0.0288, 0.0166, 0.0187, 0.032, 0.0026]
	Neuron 5 weight: [0.0237, 0.0427, 0.0428, -0.0018, -0.007, -0.0002, -0.0286, -0.0381, 0.0062]
	Neuron 6 weight: [-0.0246, -0.0411, -0.0416, -0.0071, -0.0177, 0.0129, 0.0018, 0.0151, 0.0272]
	Neuron 7 weight: [-0.0256, -0.0043, -0.0416, -0.0277, 0.0094, 0.0136, -0.0307, -0.043, -0.0387]
	Neuron 8 weight: [0.0213, -0.0088, -0.0039, 0.0494, 0.0137, 0.0287, -0.0475, -0.0137, 0.0125]
Layer 3
	Neuron 1 weight: [-0.0096, 0.0343, -0.0374, -0.0362, -0.0217, -0.0445, 0.0446, 0.0445, 0.0273]
	Neuron 2 weight: [0.029, 0.0405, 0.0048, 0.0019, -0.0436, 0.0274, -0.0475, 0.0463, 0.0341]
	Neuron 3 weight: [-0.0035, -0.0185, -0.0007, -0.0242, 0.0342, 0.0328, -0.0173, -0.0467, -0.0361]
	Neuron 4 weight: [-0.0438, 0.0095, 0.0393, -0.0066, 0.0229, -0.0114, -0.0391, 0.0292, 0.0128]
	Neuron 5 weight: [-0.015, 0.0104, 0.0053, 0.0453, -0.001, 0.0301, 0.0009, 0.0249, 0.0073]
	Neuron 6 weight: [0.0439, -0.0368, -0.0111, 0.0383, 0.0178, 0.0301, -0.0044, 0.0452, 0.0498]
	Neuron 7 weight: [0.0082, 0.0025, 0.0204, 0.0067, -0.0127, 0.0265, 0.0005, -0.0185, -0.031]
	Neuron 8 weight: [-0.0118, 0.0, 0.0071, 0.0457, -0.0262, -0.0428, -0.0446, -0.0051, 0.0341]
Layer 4
	Neuron 1 weight: [0.0136, 0.0056, 0.0162, 0.0408, 0.0326, -0.0064, -0.0283, 0.0476, -0.0179]
	Neuron 2 weight: [0.0171, 0.0155, 0.0022, 0.0371, -0.0459, 0.0097, -0.0328, 0.014, 0.0441]
	Neuron 3 weight: [0.0314, 0.0013, -0.049, -0.0472, -0.0205, 0.0348, -0.0343, 0.0376, 0.0064]
	Neuron 4 weight: [-0.019, 0.0181, -0.0109, 0.0216, -0.0048, 0.0322, 0.0142, 0.0052, -0.0099]
	Neuron 5 weight: [-0.0084, 0.0053, -0.039, 0.0345, 0.0336, 0.0245, 0.0382, 0.0276, 0.0136]
	Neuron 6 weight: [0.0317, 0.0462, 0.0173, 0.0485, -0.0122, -0.0355, -0.0091, 0.0277, -0.0082]
	Neuron 7 weight: [-0.0417, -0.0308, -0.0101, 0.0264, -0.0241, 0.043, 0.0297, 0.022, -0.0271]
	Neuron 8 weight: [0.0394, -0.0325, -0.0374, -0.0341, -0.0327, 0.0259, 0.0064, 0.0283, 0.0069]
Layer 5
	Neuron 1 weight: [0.0287, -0.0239, 0.0357, -0.0241, -0.0348, 0.0006, 0.0611, 0.0054, 0.0453]
	Neuron 2 weight: [-0.0132, 0.0114, -0.0034, -0.0148, 0.0508, 0.0576, -0.0305, 0.0581, -0.0327]
	Neuron 3 weight: [0.0543, 0.005, 0.0384, 0.0046, 0.0513, 0.0495, -0.0335, 0.0537, -0.0224]
	Neuron 4 weight: [0.0115, 0.0167, -0.0013, 0.0082, 0.0491, 0.0371, -0.0263, -0.0322, 0.0194]
	Neuron 5 weight: [0.0386, 0.0547, 0.0001, 0.0225, -0.0142, -0.0218, 0.0126, -0.0188, 0.0062]
	Neuron 6 weight: [-0.0033, 0.0253, 0.0534, 0.0215, -0.0049, -0.0241, 0.0423, 0.0218, -0.02]
	Neuron 7 weight: [0.0628, 0.0562, -0.0124, -0.021, -0.0352, 0.031, 0.0401, 0.0514, 0.0443]
	Neuron 8 weight: [-0.0026, -0.021, 0.0397, 0.0029, 0.0078, -0.0017, -0.0042, -0.009, -0.0354]
Layer 6
	Neuron 1 weight: [0.2602, 0.0921, 0.1341, 0.1161, 0.1048, 0.1184, 0.0703, 0.1013, 0.1061]
	Neuron 2 weight: [0.2038, 0.1073, 0.1229, 0.0844, 0.1405, 0.0873, 0.0801, 0.1535, 0.0952]
	Neuron 3 weight: [0.2097, 0.143, 0.1091, 0.1372, 0.0689, 0.0989, 0.1165, 0.1326, 0.1178]
	Neuron 4 weight: [0.2032, 0.0643, 0.155, 0.1126, 0.1207, 0.0596, 0.0902, 0.0755, 0.1058]
	Neuron 5 weight: [0.255, 0.1566, 0.1001, 0.0958, 0.0678, 0.11, 0.1504, 0.0827, 0.0814]
	Neuron 6 weight: [0.2473, 0.1532, 0.1478, 0.1362, 0.0807, 0.0781, 0.1196, 0.0889, 0.1445]
	Neuron 7 weight: [0.2729, 0.1489, 0.0709, 0.1474, 0.1341, 0.135, 0.1564, 0.164, 0.1332]
	Neuron 8 weight: [0.199, 0.1065, 0.128, 0.0815, 0.0647, 0.0888, 0.0592, 0.134, 0.1194]
Layer 7
	Neuron 1 weight: [-0.584, -0.3314, -0.3353, -0.2937, -0.3263, -0.3545, -0.3614, -0.3515, -0.2862]
	Neuron 2 weight: [-0.5831, -0.2981, -0.3034, -0.3445, -0.3403, -0.3474, -0.3356, -0.379, -0.271]
	Neuron 3 weight: [-0.5741, -0.3608, -0.3656, -0.3125, -0.3437, -0.3062, -0.3349, -0.3527, -0.2744]
	Neuron 4 weight: [-0.5536, -0.3268, -0.3168, -0.3493, -0.3123, -0.3454, -0.3491, -0.3249, -0.3328]
	Neuron 5 weight: [-0.5819, -0.2887, -0.3652, -0.3529, -0.3114, -0.2984, -0.3052, -0.3791, -0.3264]
	Neuron 6 weight: [-0.6035, -0.3532, -0.3301, -0.306, -0.2886, -0.3465, -0.3554, -0.332, -0.2949]
	Neuron 7 weight: [-0.5669, -0.3007, -0.3065, -0.3665, -0.2676, -0.3302, -0.374, -0.3808, -0.3202]
	Neuron 8 weight: [-0.6012, -0.2977, -0.3386, -0.2896, -0.27, -0.3731, -0.3308, -0.3644, -0.3287]
	Neuron 9 weight: [-0.6095, -0.3497, -0.2773, -0.3682, -0.331, -0.2933, -0.2859, -0.3165, -0.3524]
	Neuron 10 weight: [-0.5739, -0.3437, -0.3316, -0.2874, -0.3675, -0.305, -0.3215, -0.3423, -0.3316]
Layer 8
	Neuron 1 weight: [-0.5539, -0.1913, -0.1772, -0.161, -0.2031, -0.1914, -0.1666, -0.2057, -0.1976, -0.2138, -0.2038]
	Neuron 2 weight: [-0.3921, -0.1546, -0.1833, -0.1455, -0.1783, -0.1716, -0.1418, -0.1485, -0.1454, -0.1796, -0.1859]
	Neuron 3 weight: [-0.6556, -0.1735, -0.2325, -0.1813, -0.2397, -0.1838, -0.2182, -0.2325, -0.1946, -0.2356, -0.2064]

Total test error = 76.6667% 


--- Execution time: 110.86883497238159 seconds ---
