Training data set size: 119 
Testing data set size: 30 

Total training iteration executed: 8000
Total training error = 64.7059% 

Neural Network model parameter are as follow:
Layer 0
	Neuron 1 weight: [0.0244, -0.0167, 0.0291, 0.0078, 0.04]
	Neuron 2 weight: [0.0076, -0.0212, 0.0144, -0.0137, 0.0094]
	Neuron 3 weight: [0.0354, -0.0019, 0.022, 0.0332, -0.0318]
	Neuron 4 weight: [0.0226, -0.0054, -0.0124, -0.0247, 0.0389]
	Neuron 5 weight: [0.0148, 0.0171, 0.0417, -0.0217, -0.0485]
	Neuron 6 weight: [-0.0408, 0.0328, 0.0469, 0.0112, 0.0227]
	Neuron 7 weight: [-0.0368, 0.0496, -0.0121, 0.0003, -0.0295]
	Neuron 8 weight: [-0.0114, 0.0024, 0.0495, -0.0394, -0.045]
	Neuron 9 weight: [0.0034, 0.027, 0.0249, -0.0282, -0.0435]
	Neuron 10 weight: [0.0348, 0.018, -0.0274, -0.0356, 0.0267]
Layer 1
	Neuron 1 weight: [-0.0106, -0.0171, -0.0159, -0.0164, -0.0258, 0.0228, 0.0393, -0.018, -0.0256, 0.0493, -0.0199]
	Neuron 2 weight: [-0.0198, 0.0419, 0.0101, -0.0293, -0.0101, 0.0048, 0.0373, 0.0048, -0.0075, -0.0372, -0.0094]
	Neuron 3 weight: [0.0057, 0.0252, -0.0067, 0.0422, -0.0356, 0.0223, -0.0317, 0.0285, -0.0076, 0.0194, -0.033]
	Neuron 4 weight: [-0.0247, -0.0171, 0.0083, -0.0044, -0.0498, -0.0408, 0.0194, -0.0356, 0.0012, -0.0228, -0.0242]
	Neuron 5 weight: [-0.0347, -0.0317, 0.0088, -0.0001, 0.0286, 0.0213, -0.0463, -0.0253, 0.0442, -0.0407, 0.0413]
	Neuron 6 weight: [-0.0473, 0.0407, 0.0051, -0.0466, 0.025, -0.0072, 0.0305, 0.0499, -0.0151, 0.0248, 0.0434]
	Neuron 7 weight: [-0.0339, -0.0197, 0.0095, -0.0256, 0.0189, -0.0254, 0.0316, 0.0374, -0.0262, 0.0422, 0.0233]
	Neuron 8 weight: [-0.0323, -0.0184, -0.0266, -0.0499, -0.0425, -0.0275, -0.0022, 0.0153, -0.0075, 0.0478, -0.0012]
Layer 2
	Neuron 1 weight: [-0.0349, -0.0273, -0.0475, -0.0341, 0.0401, -0.0022, 0.0039, -0.0085, -0.0407]
	Neuron 2 weight: [0.0247, -0.0376, -0.0342, 0.0069, 0.0304, 0.0314, -0.0362, -0.0328, -0.019]
	Neuron 3 weight: [-0.0385, -0.0002, 0.0241, -0.0425, -0.02, -0.0027, -0.0414, -0.0079, 0.0056]
	Neuron 4 weight: [-0.0273, 0.0172, 0.0336, 0.0375, -0.028, -0.0477, -0.0274, -0.0461, 0.0068]
	Neuron 5 weight: [0.0439, 0.0458, 0.037, 0.0139, 0.0152, 0.0151, 0.0012, 0.0331, -0.0386]
	Neuron 6 weight: [-0.0136, -0.0281, -0.0201, -0.0474, 0.0339, -0.0369, -0.019, -0.0454, 0.0316]
	Neuron 7 weight: [0.028, 0.0191, 0.0154, -0.0363, 0.0276, -0.0415, -0.0472, 0.0395, -0.0009]
	Neuron 8 weight: [0.0436, 0.028, -0.0312, -0.0192, 0.0315, -0.0103, 0.0432, 0.0342, -0.0145]
Layer 3
	Neuron 1 weight: [0.0326, -0.0413, -0.0182, 0.031, -0.025, 0.0376, 0.0332, -0.0127, 0.0153]
	Neuron 2 weight: [0.0212, 0.0029, -0.0226, -0.0246, -0.036, -0.0256, 0.0175, -0.0173, 0.0094]
	Neuron 3 weight: [0.009, 0.0445, 0.025, -0.0176, -0.018, -0.0293, -0.0232, -0.0398, -0.0219]
	Neuron 4 weight: [0.0004, -0.0207, 0.0257, 0.0386, -0.0466, 0.0289, -0.0378, -0.0372, -0.004]
	Neuron 5 weight: [0.0232, -0.0246, -0.0463, 0.0272, -0.0087, -0.0277, -0.0333, 0.0238, -0.0316]
	Neuron 6 weight: [-0.0367, 0.0271, 0.0129, 0.0055, -0.0171, 0.0479, -0.0117, -0.0134, 0.0313]
	Neuron 7 weight: [-0.0349, 0.0068, -0.0055, 0.0347, -0.0178, 0.0462, 0.0144, 0.0095, -0.0219]
	Neuron 8 weight: [0.0329, -0.0403, -0.0471, -0.0287, -0.0154, -0.033, -0.0493, 0.0003, -0.0112]
Layer 4
	Neuron 1 weight: [-0.0021, -0.0445, -0.0008, 0.0127, 0.0144, 0.009, 0.0415, -0.0283, -0.005]
	Neuron 2 weight: [-0.0274, 0.0509, 0.0266, 0.0408, -0.0004, -0.0133, 0.0187, 0.0273, -0.0081]
	Neuron 3 weight: [-0.0491, -0.044, 0.0346, -0.0495, 0.046, -0.0002, 0.0128, 0.0456, -0.0018]
	Neuron 4 weight: [0.0366, 0.0366, -0.011, -0.0104, 0.0487, -0.0036, 0.031, 0.0307, -0.009]
	Neuron 5 weight: [0.0048, -0.0128, -0.0231, 0.0357, -0.0237, 0.0061, -0.0024, 0.0117, -0.0032]
	Neuron 6 weight: [-0.014, -0.0355, 0.0208, -0.0229, -0.04, -0.0331, -0.013, -0.0015, -0.0378]
	Neuron 7 weight: [0.0032, -0.0152, -0.0037, 0.0206, 0.0157, 0.0338, -0.0165, -0.0127, -0.0303]
	Neuron 8 weight: [0.0108, 0.0066, 0.0383, -0.0244, -0.031, 0.0009, -0.0418, 0.0031, -0.0439]
Layer 5
	Neuron 1 weight: [0.0536, 0.0516, 0.0146, 0.0792, 0.0391, 0.0272, 0.0528, 0.0089, 0.0367]
	Neuron 2 weight: [0.0947, 0.0206, 0.0069, 0.0193, 0.0242, 0.004, 0.0407, 0.0653, 0.0459]
	Neuron 3 weight: [0.0772, 0.0183, 0.0086, -0.0142, 0.0665, 0.0473, 0.0322, 0.007, 0.0155]
	Neuron 4 weight: [0.1031, 0.0454, 0.0464, 0.0072, 0.0875, 0.0822, 0.072, -0.0001, 0.0515]
	Neuron 5 weight: [0.0389, 0.0376, 0.052, 0.0549, 0.0094, 0.0143, 0.0231, 0.0693, 0.0836]
	Neuron 6 weight: [0.0688, 0.0221, -0.0135, -0.0205, 0.0728, 0.0009, 0.0547, 0.0002, 0.0025]
	Neuron 7 weight: [0.0958, 0.0194, 0.0557, 0.0451, 0.0526, 0.0296, -0.0076, 0.0186, 0.0898]
	Neuron 8 weight: [0.0862, 0.0478, 0.066, -0.0092, 0.0334, 0.0797, 0.0616, -0.0098, 0.001]
Layer 6
	Neuron 1 weight: [0.4459, 0.207, 0.2445, 0.2243, 0.2255, 0.1604, 0.1667, 0.2058, 0.2043]
	Neuron 2 weight: [0.3574, 0.2149, 0.1693, 0.1556, 0.176, 0.2074, 0.1701, 0.1718, 0.212]
	Neuron 3 weight: [0.3977, 0.1927, 0.1767, 0.2164, 0.2284, 0.2207, 0.1778, 0.2574, 0.2171]
	Neuron 4 weight: [0.386, 0.1657, 0.1629, 0.166, 0.207, 0.2374, 0.1991, 0.1889, 0.2124]
	Neuron 5 weight: [0.4104, 0.1839, 0.1749, 0.1662, 0.2133, 0.1952, 0.1573, 0.1976, 0.176]
	Neuron 6 weight: [0.4156, 0.1596, 0.2415, 0.1617, 0.2369, 0.1951, 0.1817, 0.2495, 0.1621]
	Neuron 7 weight: [0.3379, 0.1526, 0.1683, 0.1781, 0.1598, 0.213, 0.1542, 0.1916, 0.2074]
	Neuron 8 weight: [0.3884, 0.1973, 0.1767, 0.1534, 0.2337, 0.1961, 0.1789, 0.2213, 0.1573]
Layer 7
	Neuron 1 weight: [-0.7934, -0.4817, -0.4723, -0.5311, -0.4639, -0.4298, -0.5284, -0.4154, -0.5113]
	Neuron 2 weight: [-0.8082, -0.478, -0.4821, -0.4509, -0.4717, -0.5005, -0.4556, -0.4641, -0.5178]
	Neuron 3 weight: [-0.8574, -0.5073, -0.4453, -0.4617, -0.4453, -0.471, -0.4916, -0.4754, -0.452]
	Neuron 4 weight: [-0.7702, -0.515, -0.4835, -0.5056, -0.4348, -0.514, -0.4951, -0.4173, -0.4994]
	Neuron 5 weight: [-0.8063, -0.5017, -0.4747, -0.522, -0.5038, -0.4771, -0.4537, -0.4673, -0.4236]
	Neuron 6 weight: [-0.7642, -0.5245, -0.4499, -0.4884, -0.5232, -0.4941, -0.5102, -0.4544, -0.4334]
	Neuron 7 weight: [-0.835, -0.4643, -0.4721, -0.5155, -0.5, -0.4464, -0.4544, -0.4471, -0.4822]
	Neuron 8 weight: [-0.805, -0.5067, -0.4696, -0.5446, -0.4593, -0.4475, -0.4587, -0.4386, -0.4938]
	Neuron 9 weight: [-0.8078, -0.4948, -0.4922, -0.4989, -0.4695, -0.4389, -0.4668, -0.4877, -0.4756]
	Neuron 10 weight: [-0.8307, -0.5246, -0.4312, -0.4668, -0.4365, -0.5015, -0.5115, -0.4389, -0.4737]
Layer 8
	Neuron 1 weight: [-0.7321, -0.2195, -0.2107, -0.1759, -0.247, -0.1719, -0.1778, -0.1721, -0.1917, -0.1633, -0.185]
	Neuron 2 weight: [-0.5837, -0.1939, -0.171, -0.1655, -0.2213, -0.1548, -0.1703, -0.1666, -0.18, -0.1474, -0.1728]
	Neuron 3 weight: [-0.6563, -0.2042, -0.195, -0.1719, -0.2237, -0.1501, -0.1826, -0.1604, -0.2012, -0.1714, -0.1768]

Total test error = 73.3333% 


--- Execution time: 893.260758638382 seconds ---
