Training data set size: 119 
Testing data set size: 30 

Total training iteration executed: 8000
Total training error = 63.0252% 

Neural Network model parameter are as follow:
Layer 0
	Neuron 1 weight: [0.0071, -0.0224, 0.0181, 0.0098, 0.0236]
	Neuron 2 weight: [-0.0456, -0.0314, -0.0174, 0.0302, 0.042]
	Neuron 3 weight: [-0.0083, -0.0059, 0.0385, -0.0449, -0.0271]
	Neuron 4 weight: [-0.0356, 0.0164, 0.0357, -0.0049, -0.0175]
	Neuron 5 weight: [-0.0033, 0.0282, -0.019, -0.0025, 0.0115]
	Neuron 6 weight: [0.0018, -0.0347, 0.0404, 0.0174, 0.0348]
	Neuron 7 weight: [0.0385, -0.0284, 0.0224, -0.0411, 0.0261]
	Neuron 8 weight: [-0.0004, -0.0249, 0.0276, 0.0044, -0.0459]
	Neuron 9 weight: [-0.0253, -0.0435, 0.0114, 0.0063, -0.0105]
	Neuron 10 weight: [-0.0297, 0.0175, 0.0461, 0.0071, -0.0378]
	Neuron 11 weight: [0.018, 0.0399, -0.0161, -0.0117, 0.0274]
	Neuron 12 weight: [0.0414, 0.0347, 0.0319, -0.025, -0.0398]
	Neuron 13 weight: [-0.0063, 0.0489, 0.0019, -0.0496, -0.0061]
	Neuron 14 weight: [0.0208, -0.017, 0.0195, -0.0288, 0.0054]
	Neuron 15 weight: [-0.0365, 0.0174, -0.0294, -0.0172, 0.0314]
Layer 1
	Neuron 1 weight: [-0.0125, -0.0282, 0.0295, -0.0071, 0.0126, -0.0323, 0.0303, 0.0258, -0.0235, 0.0032, 0.0495, -0.0402, -0.0392, -0.0267, 0.0272, -0.0226]
	Neuron 2 weight: [-0.0253, -0.0227, 0.0137, 0.0295, -0.025, -0.0234, 0.0339, 0.0163, -0.0267, 0.0019, 0.0463, 0.0111, 0.0202, -0.0211, -0.0447, -0.0049]
	Neuron 3 weight: [-0.0039, 0.0088, -0.0389, -0.0221, 0.0342, -0.0128, -0.0007, -0.028, 0.0076, 0.035, 0.0037, 0.0136, -0.0172, 0.0071, 0.046, 0.0404]
	Neuron 4 weight: [0.0217, -0.0354, -0.0382, -0.0184, -0.0151, -0.0076, -0.0237, 0.0418, 0.0081, 0.0467, 0.0101, 0.0144, 0.0342, -0.0146, -0.024, 0.0385]
	Neuron 5 weight: [0.0248, 0.0191, 0.0138, -0.0065, -0.0409, -0.0023, -0.0043, 0.0117, -0.0475, 0.0475, -0.0107, -0.0227, 0.0355, -0.0351, -0.0202, 0.0161]
	Neuron 6 weight: [-0.0139, -0.0295, 0.0486, -0.0154, -0.0441, -0.0286, -0.0068, -0.0191, 0.0208, 0.0324, 0.0007, -0.046, 0.0242, 0.0477, -0.0466, -0.0359]
	Neuron 7 weight: [-0.0248, 0.0005, 0.0173, 0.008, 0.0456, -0.0426, 0.0166, -0.0259, 0.0086, 0.0446, 0.0474, 0.0276, -0.0348, -0.0489, -0.0298, -0.0078]
	Neuron 8 weight: [0.0409, -0.0428, 0.0224, 0.0143, 0.0476, 0.0489, -0.0203, 0.0254, -0.0012, 0.0106, -0.0231, 0.003, 0.002, -0.0234, 0.0427, -0.01]
	Neuron 9 weight: [-0.0402, 0.0326, 0.0294, 0.0193, 0.0225, 0.0439, -0.0298, -0.0159, -0.0468, -0.0356, 0.0275, -0.0071, 0.0238, -0.0417, 0.0474, -0.0058]
	Neuron 10 weight: [-0.0495, -0.0316, -0.0304, -0.0393, 0.0194, -0.0367, -0.0039, -0.0208, -0.0119, -0.0213, -0.0492, 0.0124, -0.0273, -0.0104, -0.0245, -0.0226]
Layer 2
	Neuron 1 weight: [0.0397, -0.0432, 0.0129, 0.0054, 0.0251, -0.0064, -0.0371, 0.0192, 0.0263, -0.0125, 0.0311]
	Neuron 2 weight: [-0.0421, 0.0243, 0.0434, -0.0401, -0.0468, -0.0494, 0.0178, -0.045, -0.0182, -0.0469, 0.0025]
	Neuron 3 weight: [-0.0329, 0.01, -0.0222, -0.0113, 0.0079, 0.0127, 0.0339, -0.0434, 0.0289, 0.0229, -0.0216]
	Neuron 4 weight: [0.0168, 0.0086, -0.0155, -0.0474, -0.0343, 0.0474, 0.0333, -0.0387, 0.0197, -0.0221, 0.0051]
	Neuron 5 weight: [0.0266, 0.046, -0.0162, 0.0417, -0.0045, -0.0357, 0.0416, 0.0377, -0.0387, 0.0354, -0.0363]
	Neuron 6 weight: [0.0319, -0.0173, -0.0449, -0.0144, 0.0211, 0.043, 0.0308, 0.0234, -0.0401, 0.0288, 0.0153]
	Neuron 7 weight: [0.0227, -0.0027, 0.0421, 0.0283, -0.0361, 0.0288, 0.0072, -0.0436, 0.0049, 0.0462, 0.024]
	Neuron 8 weight: [-0.0084, -0.026, -0.0111, 0.0321, 0.017, -0.0368, -0.0199, 0.0084, 0.0205, 0.0241, -0.0092]
	Neuron 9 weight: [0.0112, -0.0121, 0.0302, -0.038, -0.0321, -0.0408, -0.0026, -0.0013, -0.0098, -0.0159, 0.0403]
	Neuron 10 weight: [-0.0062, 0.0089, -0.0435, 0.0402, 0.0296, -0.0256, -0.0197, -0.0452, -0.0042, 0.0067, -0.026]
Layer 3
	Neuron 1 weight: [0.0136, -0.0396, 0.013, 0.0212, -0.009, 0.0165, 0.0186, 0.0192, 0.0378, -0.0097, -0.0403]
	Neuron 2 weight: [-0.0281, -0.0474, 0.0394, -0.0409, 0.0443, -0.0086, 0.0166, -0.0107, -0.0033, 0.005, -0.0179]
	Neuron 3 weight: [-0.0456, 0.0303, -0.0093, 0.0206, 0.0349, -0.0455, -0.0456, 0.0469, 0.016, -0.0032, 0.0387]
	Neuron 4 weight: [-0.0498, 0.0306, -0.0342, 0.0433, 0.015, -0.0256, -0.0381, -0.0149, -0.0102, -0.0031, -0.0467]
	Neuron 5 weight: [0.0421, 0.0211, 0.0395, -0.0071, 0.0498, -0.0029, 0.0254, 0.0142, -0.0334, 0.0248, 0.0168]
	Neuron 6 weight: [0.0163, 0.0114, 0.0021, 0.0175, -0.0409, 0.0152, -0.0029, -0.034, 0.0449, 0.047, 0.038]
	Neuron 7 weight: [-0.0013, -0.0386, -0.0112, -0.0306, -0.0352, 0.0232, 0.0428, 0.0401, 0.02, -0.0058, 0.0229]
	Neuron 8 weight: [-0.0484, 0.0329, -0.0242, 0.047, 0.0289, 0.0029, -0.0151, -0.0218, 0.0468, 0.0224, -0.0165]
	Neuron 9 weight: [-0.0186, 0.0238, -0.0039, -0.0104, 0.0203, 0.0338, -0.0022, -0.0216, -0.019, -0.0497, -0.0444]
	Neuron 10 weight: [-0.0347, 0.0292, -0.0428, -0.038, -0.0496, -0.0278, -0.0084, 0.0227, -0.0336, 0.023, 0.0093]
Layer 4
	Neuron 1 weight: [-0.0228, -0.0201, 0.0431, -0.0119, -0.0111, 0.0259, -0.0001, -0.0173, 0.0018, 0.004, 0.0222]
	Neuron 2 weight: [-0.008, 0.027, 0.0123, 0.0002, 0.0523, 0.047, 0.0165, 0.0281, 0.0148, -0.0227, 0.0397]
	Neuron 3 weight: [0.0249, 0.0064, 0.0485, 0.0185, 0.0233, -0.0062, -0.0262, -0.0345, 0.0304, -0.0277, 0.025]
	Neuron 4 weight: [0.0021, 0.0235, 0.0243, 0.0206, -0.0264, 0.0301, 0.0143, 0.0055, 0.0028, 0.041, -0.0329]
	Neuron 5 weight: [0.0255, -0.0129, -0.0471, -0.0263, -0.0208, 0.0243, -0.0254, -0.0032, 0.025, -0.0425, 0.0369]
	Neuron 6 weight: [0.0314, -0.0433, -0.0372, -0.0445, 0.0151, 0.0088, -0.002, 0.0446, -0.0383, 0.0261, -0.0131]
	Neuron 7 weight: [-0.0405, 0.0224, -0.0352, -0.0243, -0.0266, -0.0307, 0.0522, -0.0391, 0.0345, 0.0472, 0.0038]
	Neuron 8 weight: [-0.0442, 0.0331, 0.0012, -0.0048, -0.029, -0.0284, -0.0045, 0.051, 0.0018, -0.0167, -0.0483]
	Neuron 9 weight: [-0.0412, 0.0438, 0.0401, -0.0181, -0.0283, 0.0167, -0.0406, 0.0042, 0.0121, 0.0327, 0.033]
	Neuron 10 weight: [0.0099, -0.0209, -0.0036, -0.0251, 0.0059, 0.0034, -0.0155, 0.0006, -0.0159, 0.0042, 0.0477]
Layer 5
	Neuron 1 weight: [0.0936, 0.0397, 0.0864, 0.0759, 0.0933, 0.0373, 0.0391, 0.0829, 0.0538, 0.0578, 0.0069]
	Neuron 2 weight: [0.0727, 0.0776, 0.0316, 0.0691, 0.0428, 0.0524, 0.0711, 0.0508, 0.0846, 0.0463, 0.0167]
	Neuron 3 weight: [0.0318, -0.0003, 0.0328, -0.0056, 0.0748, 0.0299, 0.0427, 0.0416, -0.0051, 0.0171, 0.0105]
	Neuron 4 weight: [0.1415, 0.0376, 0.0251, 0.023, 0.0017, 0.0631, 0.0559, 0.0391, 0.0621, 0.0858, 0.017]
	Neuron 5 weight: [0.0618, 0.0545, 0.0031, 0.0526, 0.0567, 0.0148, 0.0555, 0.0456, 0.0234, 0.0644, 0.0296]
	Neuron 6 weight: [0.0741, 0.0666, 0.042, 0.0174, 0.0865, 0.0571, 0.036, 0.0449, 0.022, 0.0708, 0.007]
	Neuron 7 weight: [0.0583, 0.0605, 0.0747, 0.0117, 0.0562, 0.0654, 0.0008, 0.0713, -0.0092, 0.0776, 0.0103]
	Neuron 8 weight: [0.0484, 0.0889, 0.0323, 0.0289, 0.0221, 0.0137, 0.0222, 0.0191, 0.007, -0.0079, 0.069]
	Neuron 9 weight: [0.1207, 0.0893, 0.0627, 0.0104, 0.0537, 0.0202, 0.0297, 0.0425, 0.0098, 0.0947, 0.0876]
	Neuron 10 weight: [0.1294, 0.0565, 0.0678, 0.0794, 0.0098, 0.0003, 0.0771, 0.0431, 0.0671, 0.0624, 0.083]
Layer 6
	Neuron 1 weight: [0.3855, 0.2006, 0.2307, 0.2199, 0.2275, 0.1659, 0.1975, 0.1422, 0.1817, 0.2248, 0.2275]
	Neuron 2 weight: [0.4039, 0.1844, 0.2206, 0.1528, 0.2346, 0.1972, 0.1883, 0.1624, 0.2301, 0.2413, 0.2116]
	Neuron 3 weight: [0.3503, 0.1887, 0.2285, 0.1703, 0.2117, 0.1457, 0.1892, 0.2346, 0.1586, 0.2074, 0.2078]
	Neuron 4 weight: [0.4237, 0.1857, 0.1852, 0.1813, 0.2349, 0.1659, 0.1851, 0.2112, 0.2325, 0.2385, 0.1924]
	Neuron 5 weight: [0.3704, 0.2441, 0.1931, 0.144, 0.1641, 0.1549, 0.2143, 0.1608, 0.2046, 0.1886, 0.2193]
	Neuron 6 weight: [0.3436, 0.1753, 0.1495, 0.19, 0.2166, 0.1769, 0.174, 0.2337, 0.1428, 0.175, 0.1656]
	Neuron 7 weight: [0.4238, 0.1765, 0.2149, 0.1857, 0.1575, 0.173, 0.1992, 0.1654, 0.2077, 0.1695, 0.2468]
	Neuron 8 weight: [0.4026, 0.2117, 0.1505, 0.1436, 0.1691, 0.1712, 0.2229, 0.2183, 0.1413, 0.188, 0.1562]
	Neuron 9 weight: [0.365, 0.2515, 0.2345, 0.1807, 0.2412, 0.2028, 0.2285, 0.1943, 0.1613, 0.244, 0.2248]
	Neuron 10 weight: [0.3574, 0.2347, 0.1708, 0.1814, 0.2373, 0.2364, 0.1567, 0.1648, 0.1607, 0.2423, 0.2074]
Layer 7
	Neuron 1 weight: [-0.6233, -0.4311, -0.3843, -0.4203, -0.4379, -0.3921, -0.3717, -0.3892, -0.3509, -0.4303, -0.4261]
	Neuron 2 weight: [-0.6265, -0.4428, -0.3816, -0.3949, -0.4029, -0.3677, -0.355, -0.4366, -0.4357, -0.3803, -0.4373]
	Neuron 3 weight: [-0.6284, -0.3629, -0.4378, -0.4329, -0.4349, -0.4169, -0.3972, -0.4174, -0.3628, -0.3799, -0.3863]
	Neuron 4 weight: [-0.6493, -0.3693, -0.4349, -0.4409, -0.4521, -0.4123, -0.4214, -0.363, -0.3535, -0.3886, -0.3679]
	Neuron 5 weight: [-0.6544, -0.3684, -0.4057, -0.3822, -0.4269, -0.3471, -0.3478, -0.4394, -0.3993, -0.4447, -0.4314]
	Neuron 6 weight: [-0.6855, -0.4282, -0.3617, -0.3572, -0.3988, -0.4264, -0.3426, -0.4176, -0.4022, -0.4395, -0.3825]
	Neuron 7 weight: [-0.6759, -0.4181, -0.42, -0.3386, -0.4045, -0.3858, -0.3652, -0.424, -0.372, -0.4059, -0.4328]
	Neuron 8 weight: [-0.6349, -0.4238, -0.3671, -0.4074, -0.4459, -0.354, -0.434, -0.4353, -0.388, -0.4104, -0.3593]
	Neuron 9 weight: [-0.6886, -0.4428, -0.3924, -0.3797, -0.399, -0.4058, -0.3949, -0.3749, -0.3404, -0.4485, -0.3708]
	Neuron 10 weight: [-0.6772, -0.4075, -0.4056, -0.3652, -0.4106, -0.3754, -0.3361, -0.4035, -0.385, -0.451, -0.4244]
	Neuron 11 weight: [-0.6866, -0.4259, -0.3572, -0.41, -0.3918, -0.4067, -0.3468, -0.4277, -0.4263, -0.3929, -0.366]
	Neuron 12 weight: [-0.6702, -0.3486, -0.44, -0.3974, -0.3767, -0.416, -0.4028, -0.4098, -0.3971, -0.4104, -0.3785]
	Neuron 13 weight: [-0.6323, -0.4282, -0.4211, -0.3497, -0.3987, -0.3985, -0.3958, -0.3607, -0.4278, -0.4556, -0.3871]
	Neuron 14 weight: [-0.6448, -0.4024, -0.4454, -0.3873, -0.4276, -0.4026, -0.389, -0.3878, -0.3928, -0.404, -0.368]
	Neuron 15 weight: [-0.6173, -0.3801, -0.436, -0.3921, -0.3573, -0.418, -0.4035, -0.4054, -0.4089, -0.4177, -0.4305]
Layer 8
	Neuron 1 weight: [-0.7069, -0.1713, -0.1643, -0.1825, -0.1643, -0.1762, -0.1309, -0.1648, -0.1572, -0.1634, -0.1626, -0.2042, -0.166, -0.1745, -0.1595, -0.168]
	Neuron 2 weight: [-0.5005, -0.1502, -0.1311, -0.1499, -0.141, -0.1562, -0.1194, -0.1478, -0.1205, -0.1484, -0.1425, -0.1775, -0.149, -0.1566, -0.1456, -0.1367]
	Neuron 3 weight: [-0.7535, -0.1794, -0.1385, -0.1857, -0.1436, -0.1542, -0.1327, -0.1557, -0.1394, -0.1613, -0.1406, -0.2038, -0.1786, -0.1816, -0.1634, -0.1456]

Total test error = 80.0000% 


--- Execution time: 1273.7320053577423 seconds ---
