Execution: python3 ../src/NNDriver.py ../data/iris.csv 80 1000 4 10 10 10 10

Training data set size: 119 
Testing data set size: 30 

Total training iteration executed: 1000
Total training error = 63.8655% 

Neural Network model parameter are as follow:
Layer 0
	Neuron 1 weight: [-0.0024, 0.0111, 0.0235, 0.0255, -0.0366]
	Neuron 2 weight: [-0.0169, -0.058, -0.0335, 0.0339, -0.0214]
	Neuron 3 weight: [-0.0177, -0.0373, -0.0329, -0.035, -0.0514]
	Neuron 4 weight: [0.0166, 0.0163, 0.0282, -0.0391, -0.0213]
	Neuron 5 weight: [-0.0391, -0.0161, -0.0049, -0.0424, -0.0285]
	Neuron 6 weight: [0.0156, -0.023, -0.0092, -0.0088, 0.0023]
	Neuron 7 weight: [-0.0141, -0.0108, 0.0176, 0.056, 0.0228]
	Neuron 8 weight: [0.0458, 0.0449, -0.0484, -0.0404, 0.0308]
	Neuron 9 weight: [-0.0034, -0.015, -0.0181, -0.027, -0.0488]
	Neuron 10 weight: [-0.0288, -0.0412, 0.0058, -0.0456, -0.0437]
Layer 1
	Neuron 1 weight: [0.0709, -0.0381, 0.0231, 0.0362, 0.0135, 0.0094, -0.0346, -0.0408, -0.0142, 0.0571, -0.0039]
	Neuron 2 weight: [0.0462, 0.0509, 0.0439, 0.0592, 0.0393, 0.0113, -0.0278, 0.0067, 0.0036, 0.0614, -0.0204]
	Neuron 3 weight: [-0.0091, 0.0002, 0.03, 0.0033, 0.0143, -0.0005, -0.0097, 0.0137, -0.0371, -0.0093, -0.0125]
	Neuron 4 weight: [0.0149, 0.0312, 0.0323, -0.027, -0.0052, 0.044, -0.0108, -0.0141, -0.0247, 0.0281, 0.0194]
	Neuron 5 weight: [0.002, 0.0144, -0.0232, 0.0552, 0.0531, 0.0601, 0.0175, -0.0433, 0.0079, -0.0349, 0.0164]
	Neuron 6 weight: [-0.0237, 0.0015, -0.0008, -0.0194, -0.0294, 0.0434, -0.0227, -0.0172, -0.0367, 0.05, 0.0285]
	Neuron 7 weight: [0.0537, 0.0071, 0.035, 0.0418, 0.0219, 0.0299, 0.0097, -0.0146, 0.0002, 0.0002, 0.0536]
	Neuron 8 weight: [0.0244, -0.0031, -0.0315, 0.0078, -0.0026, 0.0311, 0.0549, -0.0366, 0.0283, 0.0558, -0.029]
	Neuron 9 weight: [0.0239, -0.0113, 0.005, 0.018, 0.0478, -0.0302, 0.0447, 0.0371, 0.0322, 0.0336, 0.0471]
	Neuron 10 weight: [-0.0016, -0.0097, 0.0564, 0.0157, 0.0462, 0.0518, 0.0513, 0.0165, -0.0028, 0.0319, 0.0573]
Layer 2
	Neuron 1 weight: [0.1873, 0.0755, 0.0545, 0.0672, 0.0916, 0.0799, 0.0906, 0.0696, 0.0713, 0.0561, 0.1262]
	Neuron 2 weight: [0.1897, 0.093, 0.1104, 0.0806, 0.1041, 0.0719, 0.1057, 0.1311, 0.0576, 0.0909, 0.0995]
	Neuron 3 weight: [0.1988, 0.0761, 0.1181, 0.0734, 0.0634, 0.0806, 0.0762, 0.0958, 0.1395, 0.1331, 0.1513]
	Neuron 4 weight: [0.1564, 0.067, 0.0402, 0.0553, 0.0321, 0.1146, 0.0284, 0.0831, 0.038, 0.0423, 0.0476]
	Neuron 5 weight: [0.1489, 0.0415, 0.1127, 0.0744, 0.0992, 0.0336, 0.0917, 0.1134, 0.0808, 0.0643, 0.0485]
	Neuron 6 weight: [0.2212, 0.1425, 0.0797, 0.1063, 0.0617, 0.1073, 0.0593, 0.049, 0.124, 0.1201, 0.0629]
	Neuron 7 weight: [0.2193, 0.1003, 0.1207, 0.0348, 0.0387, 0.0531, 0.1008, 0.1413, 0.0566, 0.1114, 0.0635]
	Neuron 8 weight: [0.205, 0.0974, 0.0544, 0.1344, 0.0845, 0.117, 0.0571, 0.1163, 0.059, 0.0676, 0.083]
	Neuron 9 weight: [0.2319, 0.1183, 0.1155, 0.1129, 0.0968, 0.0738, 0.1146, 0.1214, 0.0554, 0.0547, 0.1304]
	Neuron 10 weight: [0.1944, 0.1088, 0.0479, 0.0531, 0.109, 0.0492, 0.0786, 0.0785, 0.0498, 0.1327, 0.0673]
Layer 3
	Neuron 1 weight: [-0.5683, -0.2417, -0.2689, -0.2562, -0.2557, -0.2756, -0.3182, -0.3157, -0.2874, -0.3156, -0.3043]
	Neuron 2 weight: [-0.5086, -0.3116, -0.2587, -0.329, -0.2802, -0.2814, -0.3109, -0.2621, -0.339, -0.2559, -0.3134]
	Neuron 3 weight: [-0.558, -0.2478, -0.2578, -0.3351, -0.2912, -0.2556, -0.2751, -0.262, -0.3074, -0.3102, -0.3283]
	Neuron 4 weight: [-0.5352, -0.3151, -0.3391, -0.3272, -0.2577, -0.2347, -0.2649, -0.2508, -0.2886, -0.3282, -0.2926]
	Neuron 5 weight: [-0.5676, -0.2612, -0.2806, -0.2594, -0.2641, -0.2908, -0.2835, -0.2956, -0.3017, -0.3317, -0.266]
	Neuron 6 weight: [-0.5351, -0.2515, -0.3474, -0.3383, -0.2295, -0.2615, -0.3245, -0.257, -0.2639, -0.3447, -0.2662]
	Neuron 7 weight: [-0.5485, -0.2923, -0.2573, -0.3137, -0.2346, -0.2634, -0.3171, -0.3137, -0.2721, -0.3257, -0.2834]
	Neuron 8 weight: [-0.4843, -0.2751, -0.2655, -0.2999, -0.2629, -0.2658, -0.286, -0.322, -0.3405, -0.3329, -0.3337]
	Neuron 9 weight: [-0.5247, -0.2715, -0.2595, -0.3377, -0.237, -0.2913, -0.3421, -0.3274, -0.2728, -0.2929, -0.2814]
	Neuron 10 weight: [-0.5027, -0.2991, -0.2902, -0.3382, -0.2839, -0.3025, -0.2996, -0.3022, -0.292, -0.2942, -0.2587]
Layer 4
	Neuron 1 weight: [-0.6453, -0.2177, -0.2309, -0.2135, -0.2043, -0.2053, -0.2225, -0.2194, -0.2023, -0.2058, -0.1816]
	Neuron 2 weight: [-0.5683, -0.2009, -0.1689, -0.1511, -0.1654, -0.2072, -0.1948, -0.1687, -0.1971, -0.156, -0.1748]
	Neuron 3 weight: [-0.4473, -0.1705, -0.154, -0.135, -0.1496, -0.1589, -0.1433, -0.1514, -0.1349, -0.1311, -0.1513]

Total test error = 76.6667% 


--- Execution time: 71.92322778701782 seconds ---
