Execution: python3 ../src/NNDriver.py ../data/iris.csv 80 200 8 15 10 10 10 10 10 10 15

Training data set size: 119 
Testing data set size: 30 

Total training iteration executed: 200
Total training error = 64.7059% 

Neural Network model parameter are as follow:
Layer 0
	Neuron 1 weight: [0.0235, 0.0105, 0.0399, 0.0451, -0.0411]
	Neuron 2 weight: [0.0307, -0.0053, 0.0106, 0.0452, 0.0391]
	Neuron 3 weight: [-0.0173, -0.0228, -0.0187, 0.021, -0.0257]
	Neuron 4 weight: [-0.0305, -0.0303, 0.042, -0.0484, -0.0011]
	Neuron 5 weight: [-0.0178, -0.0202, 0.0477, -0.028, -0.0283]
	Neuron 6 weight: [-0.0171, 0.0164, -0.0283, -0.0311, 0.0202]
	Neuron 7 weight: [0.0063, -0.0261, 0.0036, -0.0197, 0.0343]
	Neuron 8 weight: [0.0417, -0.0317, -0.0062, -0.0497, -0.029]
	Neuron 9 weight: [-0.0327, 0.0058, -0.0093, -0.0389, -0.0434]
	Neuron 10 weight: [0.0097, 0.0301, 0.0407, 0.0125, 0.0263]
	Neuron 11 weight: [0.0378, -0.0236, 0.0323, 0.0403, 0.0215]
	Neuron 12 weight: [0.0199, 0.0038, -0.0278, 0.0411, 0.001]
	Neuron 13 weight: [0.0097, -0.0251, 0.0273, -0.0117, -0.0081]
	Neuron 14 weight: [0.0387, -0.003, 0.018, 0.0177, 0.0206]
	Neuron 15 weight: [0.0236, 0.0022, -0.0277, -0.0005, 0.0475]
Layer 1
	Neuron 1 weight: [0.0442, -0.0394, -0.018, -0.0462, 0.0121, 0.0273, -0.0017, 0.01, 0.0208, -0.0092, 0.0238, -0.027, -0.0262, 0.0407, -0.048, -0.0095]
	Neuron 2 weight: [0.0474, -0.0087, 0.0343, 0.0085, -0.0451, -0.0068, -0.0022, 0.0186, -0.0262, 0.0106, 0.0267, -0.0192, -0.003, -0.0024, 0.016, 0.0478]
	Neuron 3 weight: [-0.0099, -0.0216, 0.0001, -0.0016, -0.0105, 0.029, -0.0479, 0.0349, -0.0022, -0.043, -0.0221, -0.0332, 0.0416, 0.0044, -0.0322, -0.0251]
	Neuron 4 weight: [-0.0219, 0.0213, -0.0439, -0.046, -0.0381, -0.004, -0.0371, -0.036, -0.0106, -0.0291, -0.0055, -0.0186, 0.0155, -0.0266, 0.0385, -0.0182]
	Neuron 5 weight: [-0.0345, -0.0442, 0.0266, 0.0364, -0.0327, -0.0389, 0.0022, 0.0304, 0.0139, 0.0388, 0.0152, -0.041, -0.0077, 0.0459, -0.0268, -0.0489]
	Neuron 6 weight: [0.0462, -0.0324, -0.0256, 0.0108, 0.0243, 0.0475, 0.0016, -0.0374, 0.0285, -0.0156, 0.004, -0.0034, 0.0402, -0.0431, 0.0466, 0.0082]
	Neuron 7 weight: [0.041, -0.0288, -0.0242, -0.0143, -0.0113, -0.0466, -0.0023, 0.009, 0.0102, -0.0441, 0.0424, 0.0031, 0.0367, 0.0492, -0.0028, 0.018]
	Neuron 8 weight: [-0.0337, -0.0212, 0.0311, 0.0002, -0.0088, -0.018, -0.0441, 0.0097, -0.0201, 0.0421, -0.0114, 0.0457, 0.0376, 0.0016, 0.0163, -0.0339]
	Neuron 9 weight: [0.0019, -0.0455, -0.018, 0.028, -0.0489, 0.0418, 0.0155, -0.0308, -0.0361, -0.0456, -0.0026, -0.0183, 0.0145, 0.028, -0.045, 0.0273]
	Neuron 10 weight: [-0.0178, 0.0057, 0.0065, 0.0261, 0.029, 0.0258, 0.0258, 0.0459, 0.0438, -0.033, -0.0443, -0.0163, -0.0249, 0.0199, 0.0476, 0.0133]
Layer 2
	Neuron 1 weight: [-0.0134, -0.0442, 0.0381, 0.0086, -0.0373, 0.0171, 0.0007, -0.0297, 0.033, 0.0297, 0.0397]
	Neuron 2 weight: [-0.0243, -0.0366, 0.016, 0.0485, 0.0418, 0.0151, -0.0197, -0.0085, 0.0479, 0.0337, 0.0216]
	Neuron 3 weight: [0.0006, 0.0204, 0.0202, 0.049, 0.0211, -0.05, -0.0311, -0.038, -0.014, 0.0476, 0.0325]
	Neuron 4 weight: [-0.0442, 0.0265, 0.0169, -0.0462, -0.0214, -0.0049, 0.0459, 0.0195, 0.0202, 0.0173, -0.0034]
	Neuron 5 weight: [-0.0209, -0.0215, 0.0103, -0.0106, -0.0421, 0.0046, -0.0325, -0.007, -0.038, 0.0132, 0.047]
	Neuron 6 weight: [0.0081, 0.022, -0.0289, 0.0471, 0.0445, -0.0234, -0.004, 0.0198, -0.0096, 0.0454, 0.0302]
	Neuron 7 weight: [0.0255, 0.0167, -0.0052, 0.0411, -0.0269, -0.0446, 0.0228, 0.0314, 0.0329, -0.0352, 0.0073]
	Neuron 8 weight: [0.0355, -0.0301, -0.0133, -0.0021, 0.0241, 0.0478, -0.0415, 0.0259, 0.0252, 0.043, 0.0409]
	Neuron 9 weight: [-0.0423, -0.0075, -0.0224, 0.0434, 0.019, -0.0328, -0.0054, -0.019, -0.0311, 0.0145, -0.0325]
	Neuron 10 weight: [0.0179, -0.005, -0.0077, -0.0451, 0.024, 0.029, 0.0306, -0.011, 0.0052, 0.0161, -0.0401]
Layer 3
	Neuron 1 weight: [0.0473, -0.0134, -0.0096, 0.0213, 0.0144, 0.004, 0.0158, -0.0387, 0.049, -0.005, 0.0142]
	Neuron 2 weight: [-0.0387, 0.0484, 0.0302, 0.0383, 0.019, -0.0475, -0.013, 0.0108, -0.05, -0.0379, 0.0145]
	Neuron 3 weight: [0.0358, 0.001, -0.0423, 0.0381, 0.0127, -0.002, 0.0173, -0.0026, 0.0319, 0.0156, 0.0056]
	Neuron 4 weight: [0.0258, 0.0137, -0.0127, 0.0293, 0.0098, 0.0018, -0.0182, 0.0166, -0.0497, 0.0229, -0.05]
	Neuron 5 weight: [0.0145, 0.0137, 0.0429, -0.0137, 0.0265, 0.0124, 0.0469, 0.0013, -0.043, -0.001, 0.0333]
	Neuron 6 weight: [-0.0499, 0.0181, -0.0414, -0.0445, -0.0199, 0.0019, -0.0197, 0.0465, -0.0258, 0.0149, 0.0033]
	Neuron 7 weight: [0.0395, -0.039, 0.0375, 0.0154, -0.0422, -0.0418, 0.0224, -0.0348, -0.0361, -0.0094, 0.0098]
	Neuron 8 weight: [0.0186, 0.047, 0.0348, 0.0427, -0.0121, -0.042, -0.0072, 0.0074, -0.0468, -0.0451, 0.0151]
	Neuron 9 weight: [-0.0061, -0.0088, -0.0319, -0.0427, -0.0196, 0.003, 0.01, 0.0284, 0.0171, -0.0344, -0.0115]
	Neuron 10 weight: [0.0402, -0.0129, 0.0202, 0.0498, 0.0167, 0.0422, -0.0119, 0.0122, -0.0448, -0.01, -0.0386]
Layer 4
	Neuron 1 weight: [-0.0153, 0.014, -0.0094, 0.0026, 0.0122, -0.0265, 0.0029, 0.0453, 0.0034, 0.0202, -0.044]
	Neuron 2 weight: [0.0255, 0.0139, 0.0262, 0.0286, 0.0181, -0.0236, 0.0419, 0.0499, 0.0441, -0.0294, 0.0037]
	Neuron 3 weight: [0.0186, 0.0069, -0.0373, -0.0397, -0.0093, 0.0415, 0.0366, -0.022, -0.0349, -0.0298, 0.0418]
	Neuron 4 weight: [0.013, -0.0335, 0.0006, -0.0242, -0.0375, -0.013, 0.0051, 0.0492, 0.0308, 0.0387, 0.0153]
	Neuron 5 weight: [0.0156, 0.0138, 0.0288, 0.0118, 0.0476, -0.0411, 0.0294, -0.0306, -0.0074, -0.0497, 0.0258]
	Neuron 6 weight: [-0.0008, 0.0436, 0.0128, -0.0321, -0.0233, 0.0329, 0.0111, 0.0013, 0.0226, 0.0363, 0.0266]
	Neuron 7 weight: [-0.0067, -0.0376, -0.0009, 0.0084, 0.0245, 0.0126, -0.0041, -0.0363, -0.0248, 0.0079, 0.0418]
	Neuron 8 weight: [0.0275, -0.0075, 0.0419, 0.0073, 0.0183, 0.0241, 0.0052, -0.0221, 0.0418, -0.0386, -0.0272]
	Neuron 9 weight: [0.0001, -0.0354, -0.0264, 0.0057, -0.0186, -0.045, 0.0058, 0.0453, -0.0371, -0.0371, -0.0425]
	Neuron 10 weight: [0.0426, 0.003, -0.0459, -0.049, 0.002, -0.0118, 0.0284, 0.0393, -0.0384, -0.025, 0.0436]
Layer 5
	Neuron 1 weight: [-0.0022, 0.0141, 0.0077, -0.0229, -0.0008, -0.0456, -0.0001, 0.0487, -0.0349, -0.0312, 0.0346]
	Neuron 2 weight: [0.0168, -0.01, 0.0398, 0.043, 0.0261, -0.0357, 0.0138, 0.045, -0.0466, -0.0037, 0.0294]
	Neuron 3 weight: [0.0072, -0.0359, -0.0102, 0.0197, 0.0128, -0.009, -0.0358, -0.0026, 0.0003, 0.0325, -0.0399]
	Neuron 4 weight: [0.0218, 0.0075, -0.0171, 0.0046, -0.0208, 0.0384, 0.029, -0.0165, 0.0448, -0.0478, -0.0047]
	Neuron 5 weight: [0.05, -0.0351, -0.0265, -0.0328, 0.049, 0.0138, -0.0108, 0.045, -0.0219, 0.0438, 0.0174]
	Neuron 6 weight: [0.0437, -0.0025, 0.0249, 0.0185, -0.0313, 0.024, -0.0283, -0.0336, -0.0309, -0.0453, 0.0174]
	Neuron 7 weight: [-0.0049, -0.037, 0.0332, 0.027, -0.03, -0.0432, -0.0425, 0.005, -0.0111, 0.0324, 0.0212]
	Neuron 8 weight: [0.0214, 0.04, -0.0212, -0.0147, 0.0167, 0.0537, 0.0413, 0.0526, -0.0165, 0.0191, -0.0001]
	Neuron 9 weight: [-0.0289, 0.0016, -0.0351, 0.0096, 0.0232, -0.0281, 0.0388, 0.0424, 0.023, -0.0433, 0.0081]
	Neuron 10 weight: [-0.0247, -0.0134, 0.0147, 0.0424, -0.0079, 0.0485, 0.0397, -0.0044, -0.0145, 0.0509, 0.0063]
Layer 6
	Neuron 1 weight: [0.0354, 0.0446, -0.0091, 0.0502, -0.0133, 0.0453, 0.0651, 0.0041, 0.0808, 0.0666, 0.0798]
	Neuron 2 weight: [0.1079, 0.059, 0.0372, 0.0788, 0.0408, 0.0937, 0.0637, 0.0801, 0.0837, 0.0122, 0.079]
	Neuron 3 weight: [0.1231, 0.0766, 0.0586, 0.0247, 0.0823, 0.0822, 0.0346, 0.0701, 0.0412, 0.0168, 0.0193]
	Neuron 4 weight: [0.1054, 0.0115, 0.0366, 0.016, -0.005, 0.0463, 0.0395, 0.0592, 0.0574, 0.0818, 0.018]
	Neuron 5 weight: [0.0655, 0.0018, -0.0089, 0.0708, 0.0556, 0.0792, 0.074, 0.0306, 0.0596, 0.0783, 0.0211]
	Neuron 6 weight: [0.0741, 0.0707, 0.0021, 0.0163, -0.0027, 0.0277, 0.0019, -0.0003, 0.0546, 0.0324, 0.0885]
	Neuron 7 weight: [0.067, 0.0644, 0.0719, 0.0112, 0.0726, 0.0136, 0.0784, 0.0713, 0.086, -0.0044, 0.0488]
	Neuron 8 weight: [0.0651, 0.0338, 0.0481, -0.0064, 0.0628, 0.0732, 0.0198, 0.0075, -0.0049, 0.0003, 0.0331]
	Neuron 9 weight: [0.0329, -0.0005, 0.0465, 0.0135, 0.053, 0.024, -0.0127, -0.01, 0.0351, 0.0416, 0.0442]
	Neuron 10 weight: [0.123, 0.002, 0.0743, 0.0775, 0.0284, 0.0701, 0.0771, 0.0469, 0.0969, 0.0395, 0.0472]
Layer 7
	Neuron 1 weight: [-0.2556, -0.1129, -0.1691, -0.1507, -0.1933, -0.1418, -0.121, -0.1666, -0.1784, -0.1789, -0.1989]
	Neuron 2 weight: [-0.2866, -0.1961, -0.124, -0.195, -0.1652, -0.1735, -0.1255, -0.135, -0.1059, -0.1067, -0.1985]
	Neuron 3 weight: [-0.2653, -0.1304, -0.1997, -0.1904, -0.1451, -0.1928, -0.1598, -0.1773, -0.105, -0.173, -0.1497]
	Neuron 4 weight: [-0.2721, -0.1469, -0.1927, -0.1832, -0.153, -0.1617, -0.1434, -0.1224, -0.127, -0.1347, -0.1401]
	Neuron 5 weight: [-0.2687, -0.1117, -0.1607, -0.1622, -0.1771, -0.1292, -0.1257, -0.1507, -0.1341, -0.1742, -0.1614]
	Neuron 6 weight: [-0.2924, -0.1486, -0.1755, -0.1198, -0.1128, -0.1463, -0.1977, -0.1857, -0.1921, -0.0991, -0.1329]
	Neuron 7 weight: [-0.2981, -0.1514, -0.1184, -0.176, -0.167, -0.172, -0.1848, -0.1667, -0.1738, -0.164, -0.1326]
	Neuron 8 weight: [-0.267, -0.1113, -0.1595, -0.1961, -0.1561, -0.1334, -0.1868, -0.1686, -0.1045, -0.1275, -0.1999]
	Neuron 9 weight: [-0.3286, -0.1401, -0.1789, -0.1312, -0.1403, -0.1444, -0.1717, -0.1205, -0.1339, -0.1478, -0.2031]
	Neuron 10 weight: [-0.2718, -0.1604, -0.1776, -0.1579, -0.1474, -0.1411, -0.1625, -0.1876, -0.1024, -0.1289, -0.1519]
	Neuron 11 weight: [-0.3064, -0.173, -0.1869, -0.1614, -0.1175, -0.1277, -0.1289, -0.1353, -0.1454, -0.1216, -0.1713]
	Neuron 12 weight: [-0.2675, -0.1099, -0.179, -0.1687, -0.1097, -0.1632, -0.1471, -0.152, -0.1928, -0.1551, -0.2014]
	Neuron 13 weight: [-0.2701, -0.1206, -0.1844, -0.1126, -0.1184, -0.1386, -0.1635, -0.2027, -0.1227, -0.1647, -0.1951]
	Neuron 14 weight: [-0.2514, -0.193, -0.1565, -0.1625, -0.1416, -0.1454, -0.1315, -0.1782, -0.1451, -0.0998, -0.1877]
	Neuron 15 weight: [-0.3375, -0.1096, -0.179, -0.139, -0.1371, -0.1502, -0.1812, -0.1694, -0.1493, -0.1296, -0.1296]
Layer 8
	Neuron 1 weight: [-0.2065, -0.0706, -0.1027, -0.0844, -0.074, -0.0887, -0.118, -0.1039, -0.107, -0.0859, -0.1184, -0.1158, -0.1394, -0.133, -0.1098, -0.0718]
	Neuron 2 weight: [-0.2729, -0.1316, -0.11, -0.1572, -0.1083, -0.1515, -0.1404, -0.1564, -0.1199, -0.0921, -0.1677, -0.1201, -0.1401, -0.1545, -0.163, -0.1152]
	Neuron 3 weight: [-0.2805, -0.1456, -0.138, -0.161, -0.1524, -0.1755, -0.1073, -0.1054, -0.1219, -0.0992, -0.1574, -0.1656, -0.1292, -0.1487, -0.1785, -0.1035]

Total test error = 76.6667% 


--- Execution time: 30.95815682411194 seconds ---
