Training data set size: 1381 
Testing data set size: 346 

Total training iteration executed: 50000
Total training error = 29.9059% 

Neural Network model parameter are as follow:
Layer 0
	Neuron 1 weight: [-0.0042, -0.0288, 0.0336, -0.0087, -0.0224, 0.048, -0.0419]
	Neuron 2 weight: [-0.0204, -0.0217, 0.0196, 0.0335, 0.043, 0.0125, 0.0068]
	Neuron 3 weight: [0.042, 0.035, -0.0495, 0.0296, 0.0362, -0.0034, 0.0053]
	Neuron 4 weight: [0.0039, -0.0429, 0.0261, 0.0006, -0.0395, 0.0249, -0.0277]
	Neuron 5 weight: [0.0082, -0.0431, 0.0419, -0.0111, -0.0084, 0.0473, 0.0456]
	Neuron 6 weight: [-0.0236, 0.01, -0.0352, -0.0327, -0.0406, -0.0153, -0.0053]
Layer 1
	Neuron 1 weight: [-0.0143, -0.0226, -0.0263, 0.0451, -0.0365, -0.0322, 0.0384]
	Neuron 2 weight: [-0.0189, -0.0233, 0.0363, -0.0025, -0.0117, 0.0123, 0.0438]
	Neuron 3 weight: [-0.0338, 0.0368, 0.0253, 0.0202, 0.039, -0.0328, 0.0443]
	Neuron 4 weight: [0.0153, -0.0498, -0.0321, 0.023, -0.0228, -0.0102, -0.0444]
	Neuron 5 weight: [0.0253, -0.0007, 0.0476, -0.035, -0.036, 0.029, 0.0026]
	Neuron 6 weight: [0.0123, 0.0054, -0.0132, 0.0485, -0.0314, 0.0078, 0.0096]
Layer 2
	Neuron 1 weight: [0.0137, -0.0052, 0.0484, -0.0194, -0.0081, -0.0431, -0.0488]
	Neuron 2 weight: [-0.0303, 0.0284, -0.0084, 0.0161, 0.043, -0.0403, 0.0451]
	Neuron 3 weight: [-0.0192, -0.0198, -0.0012, -0.0184, 0.0098, 0.0346, 0.0439]
	Neuron 4 weight: [0.0193, -0.0335, 0.0015, 0.0109, -0.0333, 0.0205, -0.0192]
	Neuron 5 weight: [0.018, -0.0359, 0.0328, -0.0476, 0.0425, 0.0464, -0.0426]
	Neuron 6 weight: [0.0148, -0.0264, 0.0316, 0.0327, 0.0091, 0.0183, -0.0136]
Layer 3
	Neuron 1 weight: [0.0084, -0.0316, 0.0392, -0.037, -0.0454, -0.0488, -0.0061]
	Neuron 2 weight: [0.027, 0.0191, -0.0433, -0.0448, -0.0478, -0.0186, -0.0439]
	Neuron 3 weight: [0.0212, -0.0229, -0.0187, 0.0068, 0.0165, 0.0267, -0.0489]
	Neuron 4 weight: [0.0449, -0.0131, 0.0283, 0.0495, 0.0098, 0.0253, -0.0336]
	Neuron 5 weight: [-0.0247, -0.0291, -0.0057, 0.0246, -0.04, 0.0039, 0.0189]
	Neuron 6 weight: [-0.0102, -0.0443, -0.0045, -0.0468, -0.0231, -0.0436, -0.0069]
Layer 4
	Neuron 1 weight: [0.0186, -0.0345, -0.0335, -0.0264, 0.0275, 0.0431, 0.0187]
	Neuron 2 weight: [0.0239, 0.029, -0.0023, -0.0115, 0.0444, -0.0228, -0.0244]
	Neuron 3 weight: [-0.0397, 0.01, 0.0511, -0.0068, -0.0252, -0.0301, -0.001]
	Neuron 4 weight: [-0.0327, -0.0121, 0.0285, 0.0537, -0.0371, -0.0148, -0.033]
	Neuron 5 weight: [-0.0371, -0.0003, 0.0231, 0.0076, -0.0087, -0.0327, 0.0421]
	Neuron 6 weight: [-0.0247, -0.0122, 0.0211, -0.0196, 0.0214, 0.026, 0.0074]
Layer 5
	Neuron 1 weight: [0.1344, 0.0931, 0.04, 0.0724, 0.103, 0.0465, 0.0203]
	Neuron 2 weight: [0.1488, 0.0407, 0.0202, 0.0753, 0.0964, 0.0534, 0.0138]
	Neuron 3 weight: [0.1466, 0.0838, 0.0587, 0.0279, 0.0415, 0.0977, 0.0363]
	Neuron 4 weight: [0.1423, 0.0365, 0.0279, 0.1077, 0.0577, 0.0291, 0.1156]
	Neuron 5 weight: [0.1066, 0.0468, 0.1135, 0.0651, 0.0959, 0.0431, 0.0456]
	Neuron 6 weight: [0.1186, 0.0858, 0.045, 0.0496, 0.0846, 0.0371, 0.0973]
Layer 6
	Neuron 1 weight: [0.5368, 0.2829, 0.324, 0.3108, 0.3074, 0.3434, 0.2544]
	Neuron 2 weight: [0.5604, 0.2835, 0.293, 0.2789, 0.2928, 0.2677, 0.3109]
	Neuron 3 weight: [0.5904, 0.3481, 0.302, 0.3658, 0.3663, 0.3336, 0.3398]
	Neuron 4 weight: [0.6051, 0.3161, 0.3069, 0.3293, 0.3265, 0.3126, 0.3157]
	Neuron 5 weight: [0.6085, 0.306, 0.2819, 0.3257, 0.2871, 0.2762, 0.2779]
	Neuron 6 weight: [0.6207, 0.3007, 0.2533, 0.2951, 0.3221, 0.3275, 0.3465]
Layer 7
	Neuron 1 weight: [-1.3613, -0.7628, -0.7875, -0.8917, -0.8702, -0.8008, -0.836]
	Neuron 2 weight: [-1.318, -0.8366, -0.8131, -0.8745, -0.8406, -0.8152, -0.8249]
	Neuron 3 weight: [-1.3427, -0.7713, -0.8515, -0.818, -0.8755, -0.8638, -0.796]
	Neuron 4 weight: [-1.2821, -0.8392, -0.762, -0.8742, -0.8324, -0.8594, -0.8812]
	Neuron 5 weight: [-1.3651, -0.8093, -0.7867, -0.8921, -0.8085, -0.8057, -0.8431]
	Neuron 6 weight: [-1.3172, -0.8226, -0.7827, -0.8887, -0.8871, -0.7908, -0.8323]
Layer 8
	Neuron 1 weight: [-1.2089, -0.1727, -0.1928, -0.1784, -0.2043, -0.1822, -0.1883]
	Neuron 2 weight: [-3.1034, -0.9641, -1.024, -0.9589, -1.021, -0.9583, -1.0259]
	Neuron 3 weight: [0.8243, -0.1694, -0.1866, -0.1744, -0.1956, -0.1762, -0.1836]
	Neuron 4 weight: [-3.2461, -1.0244, -1.037, -1.0131, -1.0637, -0.9978, -1.0574]

Total test error = 30.3468% 


--- Execution time: 44988.478199243546 seconds ---
