Training data set size: 1381 
Testing data set size: 346 

Total training iteration executed: 3540
Total training error = 0.9413% 

Neural Network model parameter are as follow:
Layer 0
	Neuron 1 weight: [1.7441, 5.0063, 6.6419, -0.1412, 0.5422, 0.2249, 0.0373]
	Neuron 2 weight: [-10.1085, 0.0299, -0.0399, -3.284, 2.5336, 2.0137, 0.1894]
	Neuron 3 weight: [-5.9312, -5.7113, 0.1376, 0.2256, 0.2281, -0.1239, -0.3039]
	Neuron 4 weight: [-4.5669, 0.5215, 7.8986, 0.0277, -0.0022, 0.0917, 0.1766]
	Neuron 5 weight: [6.1923, 0.6236, -0.247, -0.0573, -4.2906, -0.2885, -7.8515]
	Neuron 6 weight: [-3.6104, 1.0711, -2.766, 0.1138, 0.3487, -0.1393, 0.2329]
	Neuron 7 weight: [5.2111, 3.3143, -0.736, -0.0941, 0.3029, 0.0415, -7.4109]
	Neuron 8 weight: [0.1764, 0.0421, 0.1335, 3.8452, 2.5405, -8.5809, 0.0771]
	Neuron 9 weight: [-7.9745, -4.1013, 0.2606, -0.1405, -0.1984, 0.0838, -9.4219]
	Neuron 10 weight: [-6.3149, -0.1991, 0.5343, 0.0649, 4.6405, 0.2479, -7.9521]
Layer 1
	Neuron 1 weight: [-0.7626, 0.467, -1.4645, -1.1623, -1.8766, -1.6868, -0.9521, -1.787, 0.1372, 1.7256, 2.4559]
	Neuron 2 weight: [-1.0175, 1.2872, -2.1518, -1.6153, -2.6631, -1.6508, -1.4455, -2.0024, -0.482, 2.1796, 3.9649]
	Neuron 3 weight: [-0.7543, 0.5052, -1.4367, -1.149, -1.7081, -1.3913, -0.8839, -1.5874, -0.0928, 1.6344, 2.3748]
	Neuron 4 weight: [-0.7075, -0.3749, -2.1761, -1.7054, -3.4478, -3.2509, -1.5456, -3.1924, 1.3863, 3.3248, 3.3857]
	Neuron 5 weight: [-0.1367, 2.4712, -2.5146, -1.6873, -2.5039, -2.3241, -1.7995, -2.2316, 0.2063, 2.1994, 4.2127]
	Neuron 6 weight: [-0.9791, 1.2036, -2.0612, -1.5557, -2.4789, -1.5879, -1.3331, -1.9156, -0.4396, 2.13, 3.7195]
	Neuron 7 weight: [-0.6836, -0.1853, -2.227, -1.8202, -3.9037, -3.1368, -1.7172, -3.2898, 1.0346, 3.3551, 3.8845]
	Neuron 8 weight: [-0.7733, 0.1015, -1.299, -1.0781, -1.6821, -1.7938, -0.8061, -1.8605, 0.4526, 1.6634, 1.9256]
	Neuron 9 weight: [-0.7524, 1.5832, -2.4256, -1.7103, -2.9675, -2.1024, -1.5639, -2.3681, -0.2101, 2.3362, 4.364]
	Neuron 10 weight: [0.4156, 0.5765, -2.2538, -2.2542, -2.7788, -5.3125, -0.2514, -3.9051, 4.1931, 3.4886, 2.6246]
Layer 2
	Neuron 1 weight: [-4.7261, 0.5778, 0.9635, 0.4967, 1.5623, 1.0129, 0.8732, 1.714, 0.5648, 1.1346, 1.8996]
	Neuron 2 weight: [-4.4503, 0.6947, 1.0231, 0.5488, 1.5806, 1.1577, 0.9805, 1.6206, 0.5904, 1.1838, 1.9874]
	Neuron 3 weight: [-4.0318, 0.6531, 1.1003, 0.5737, 1.4936, 1.3012, 1.0354, 1.6238, 0.638, 1.3195, 1.9769]
	Neuron 4 weight: [-4.7928, 0.5578, 0.9736, 0.4779, 1.6374, 0.9694, 0.9016, 1.7491, 0.5147, 1.0694, 1.9304]
	Neuron 5 weight: [-4.7586, 0.6113, 1.0569, 0.5136, 1.6073, 1.1379, 0.9104, 1.6646, 0.6475, 1.2234, 2.0247]
	Neuron 6 weight: [-5.6286, 0.6069, 1.1322, 0.5758, 1.8449, 1.0529, 1.0256, 1.9256, 0.5823, 1.2371, 2.1728]
	Neuron 7 weight: [-4.1018, 0.985, 1.398, 0.9042, 1.8528, 1.8438, 1.3365, 1.8942, 0.8231, 1.6972, 2.5182]
	Neuron 8 weight: [-4.0916, 0.9967, 1.4914, 0.8494, 1.8091, 1.81, 1.4092, 1.8667, 0.8374, 1.6869, 2.6077]
	Neuron 9 weight: [-5.768, 0.6644, 1.1669, 0.6071, 1.9083, 1.1877, 1.0757, 1.9862, 0.6379, 1.3116, 2.2833]
	Neuron 10 weight: [-3.7471, 1.1509, 1.6399, 1.0776, 1.9663, 2.1502, 1.4984, 1.9913, 0.9867, 1.8829, 2.8152]
Layer 3
	Neuron 1 weight: [1.8886, -1.5373, -1.6012, -1.5612, -1.5613, -1.6729, -1.8652, -1.898, -1.9653, -2.0588, -2.0344]
	Neuron 2 weight: [1.9289, -1.5931, -1.602, -1.5257, -1.5559, -1.6375, -1.9199, -1.9718, -2.0099, -2.0891, -2.0668]
	Neuron 3 weight: [2.006, -1.6273, -1.62, -1.5818, -1.5592, -1.7493, -1.8721, -2.0061, -2.002, -2.1484, -2.1085]
	Neuron 4 weight: [7.8678, -1.7155, -1.3003, -0.9531, -1.8348, -1.5367, -2.383, -0.6353, -0.614, -2.1068, -0.1913]
	Neuron 5 weight: [1.9379, -1.1438, -1.1033, -1.0612, -1.0921, -1.2032, -1.4293, -1.3182, -1.28, -1.4841, -1.3193]
	Neuron 6 weight: [2.0554, -1.6631, -1.7228, -1.6391, -1.6619, -1.7567, -1.945, -2.1126, -2.0786, -2.2443, -2.1816]
	Neuron 7 weight: [1.8175, -1.4452, -1.5294, -1.4381, -1.4733, -1.5575, -1.7877, -1.8484, -1.8754, -1.9399, -1.9843]
	Neuron 8 weight: [1.6337, -1.2331, -1.1853, -1.1128, -1.1873, -1.2646, -1.501, -1.3782, -1.4791, -1.5937, -1.451]
	Neuron 9 weight: [1.9087, -1.4836, -1.5954, -1.5599, -1.5708, -1.6493, -1.8285, -1.917, -1.9349, -2.0256, -2.052]
	Neuron 10 weight: [2.1977, -1.6664, -1.7137, -1.6484, -1.7558, -1.8173, -2.0537, -2.1703, -2.1192, -2.3185, -2.3321]
Layer 4
	Neuron 1 weight: [-3.9417, -1.6838, -1.6863, -1.7452, 7.8948, -0.1394, -2.0789, -1.3712, -0.486, -1.5926, -2.1334]
	Neuron 2 weight: [-0.1609, -1.591, -1.5479, -1.6541, -1.9221, -1.8767, -1.4803, -1.6691, -1.7611, -1.6656, -1.6415]
	Neuron 3 weight: [-7.3128, 2.2674, 2.3528, 2.3688, 0.323, 1.8237, 2.427, 2.2185, 1.8083, 2.2778, 2.5503]
	Neuron 4 weight: [1.1012, -1.6601, -1.6281, -1.7236, -7.805, -1.7413, -1.518, -1.6573, -1.7596, -1.6941, -1.6481]

Total test error = 2.3121% 


--- Execution time: 3191.160164117813 seconds ---
