Execution: python3 ../src/NNDriver.py ../data/car.csv 80 2000 3 10 10 10

Training data set size: 1381 
Testing data set size: 346 

Total training iteration executed: 2000
Total training error = 6.2274% 

Neural Network model parameter are as follow:
Layer 0
	Neuron 1 weight: [-3.5408, -1.2708, 7.6226, -0.075, 0.1425, 0.1804, -0.388]
	Neuron 2 weight: [6.3951, -4.4171, 1.1611, -0.0288, -0.0919, 0.0162, -7.4322]
	Neuron 3 weight: [-5.9899, -4.6152, -9.6557, -0.0858, 0.3051, 0.1166, -0.1202]
	Neuron 4 weight: [-8.7272, -1.8289, -0.02, -0.0349, 4.9327, 0.1048, 9.4431]
	Neuron 5 weight: [0.8536, -10.8378, 1.4764, 0.9768, 0.8635, -1.9438, -2.6973]
	Neuron 6 weight: [6.4905, 2.2378, 0.1545, 0.1454, -2.8118, -0.2326, 8.2189]
	Neuron 7 weight: [4.0067, -5.0357, 2.1696, -0.7164, 1.984, 1.3718, -3.0392]
	Neuron 8 weight: [8.6668, -5.4411, -0.8189, 0.3258, -4.1661, -0.3805, -0.2934]
	Neuron 9 weight: [-7.2185, 3.2155, -1.4769, -0.1454, 5.5762, 0.4442, -9.9747]
	Neuron 10 weight: [-5.3059, -0.2444, 0.1768, 4.3347, 2.6391, -9.7139, 4.8146]
Layer 1
	Neuron 1 weight: [-1.7221, -2.7055, -3.2523, -4.3547, 3.962, 2.2442, -4.6365, 0.7225, 2.2694, 5.5711, 1.277]
	Neuron 2 weight: [-1.413, -3.1358, -2.602, -3.1432, 2.9065, 2.112, -2.7942, 0.1309, 1.596, 2.4127, 0.047]
	Neuron 3 weight: [-1.9998, -4.9796, -3.0666, -4.5861, 3.8557, 3.0836, -3.5089, -0.0483, 2.0526, 2.8572, 0.9467]
	Neuron 4 weight: [-1.8005, -2.5884, -3.2401, -3.187, 3.6852, 2.2002, -3.9504, 0.5547, 2.0531, 4.0063, 0.8435]
	Neuron 5 weight: [-1.6947, -2.7546, -4.1871, -2.1636, 5.3521, 1.5264, -4.7359, 2.4245, 2.4325, 5.8697, 1.5062]
	Neuron 6 weight: [-1.5579, -3.4176, -2.8244, -3.2825, 3.1895, 2.2045, -2.9511, 0.0745, 1.725, 2.5059, 0.3235]
	Neuron 7 weight: [-2.3657, -2.9335, -4.4901, -1.8482, 5.1343, 1.8421, -3.96, 1.3473, 2.486, 3.7569, 2.1129]
	Neuron 8 weight: [-2.1246, -2.623, -4.1257, -2.4332, 4.7462, 2.1257, -4.2668, 1.0904, 2.3928, 4.4837, 1.6347]
	Neuron 9 weight: [-1.4099, -2.1661, -1.8268, -2.4839, 1.3201, 2.0877, -3.1526, 0.3122, 0.9313, 2.5044, -1.6597]
	Neuron 10 weight: [-2.2719, -2.9269, -4.6198, -1.8331, 5.3424, 1.7931, -4.142, 1.6215, 2.4178, 4.1647, 2.053]
Layer 2
	Neuron 1 weight: [3.5565, -2.7247, -1.6234, -2.1406, -2.2529, -3.0157, -1.698, -2.684, -2.6748, -1.2209, -2.7651]
	Neuron 2 weight: [2.3686, -2.2349, -1.4059, -1.8084, -1.905, -2.5744, -1.5339, -2.2219, -2.2724, -1.0879, -2.3848]
	Neuron 3 weight: [6.2403, -3.6975, -1.9292, -2.8419, -2.9477, -3.9821, -2.1694, -3.5711, -3.5879, -1.4853, -3.6945]
	Neuron 4 weight: [8.476, -2.5833, -2.3785, -4.5589, -1.6855, -0.3314, -2.602, -0.4696, -1.2523, -2.3155, -0.2408]
	Neuron 5 weight: [2.3961, -2.2607, -1.4122, -1.8518, -1.9744, -2.5495, -1.512, -2.3022, -2.2714, -1.0459, -2.3145]
	Neuron 6 weight: [1.8025, -2.0702, -1.3015, -1.7002, -1.7586, -2.2818, -1.4029, -2.0992, -2.0246, -1.0233, -2.1607]
	Neuron 7 weight: [1.6619, -2.0045, -1.2882, -1.6887, -1.7082, -2.2509, -1.3528, -1.9648, -2.0134, -1.02, -2.1155]
	Neuron 8 weight: [2.2913, -2.2461, -1.3748, -1.8631, -1.9107, -2.5278, -1.4307, -2.2265, -2.2137, -1.0883, -2.2976]
	Neuron 9 weight: [2.0647, -2.0912, -1.2784, -1.7177, -1.8108, -2.4008, -1.3866, -2.1267, -2.1506, -1.0572, -2.2447]
	Neuron 10 weight: [5.8688, -3.4742, -1.8899, -2.7153, -2.889, -3.8182, -2.1291, -3.4388, -3.4442, -1.4379, -3.5375]
Layer 3
	Neuron 1 weight: [-3.3599, -1.6003, -0.8821, -4.5971, 6.9178, -0.9203, -0.5893, -0.5246, -0.7993, -0.5952, -4.1196]
	Neuron 2 weight: [0.5321, -1.9128, -1.6925, -2.1258, -4.3129, -1.6873, -1.5647, -1.5669, -1.6292, -1.6363, -2.0509]
	Neuron 3 weight: [-4.3933, 2.631, 2.1285, 3.5941, 0.7104, 2.1204, 1.8736, 1.7893, 2.0926, 1.9554, 3.4649]
	Neuron 4 weight: [0.4388, -1.9655, -1.6392, -2.0368, -6.7406, -1.6895, -1.5828, -1.5613, -1.6862, -1.6842, -1.9701]

Total test error = 7.2254% 


--- Execution time: 1419.9712879657745 seconds ---
