Execution: python3 ../src/NNDriver.py ../data/car.csv 80 1000 3 10 10 10

Training data set size: 1381 
Testing data set size: 346 

Total training iteration executed: 1000
Total training error = 1.5930% 

Neural Network model parameter are as follow:
Layer 0
	Neuron 1 weight: [2.2168, 0.5166, -0.3741, 5.1901, 7.7334, -11.5687, -3.7999]
	Neuron 2 weight: [4.9304, -0.9388, -7.2547, -0.0765, -0.4694, -0.1889, 0.0988]
	Neuron 3 weight: [6.6691, 1.2837, 2.1909, 1.8955, -6.4189, -3.5055, -4.8182]
	Neuron 4 weight: [7.3428, 3.1248, -0.9238, -0.0722, 1.7656, -0.4422, -9.0551]
	Neuron 5 weight: [-6.7572, 0.7881, -3.8587, 0.0108, -11.2325, 0.1344, 0.1806]
	Neuron 6 weight: [-8.0103, -2.0202, 5.6887, 0.0109, 7.8624, -0.6617, 2.1707]
	Neuron 7 weight: [6.7149, -1.7756, 0.017, -2.0143, 2.8931, 1.3912, -11.9093]
	Neuron 8 weight: [-4.8757, -7.8515, -0.7943, 0.9251, -1.0266, -1.6517, -9.0254]
	Neuron 9 weight: [-8.69, -7.5722, 0.3811, 0.1453, 1.0302, -0.0751, 0.3818]
	Neuron 10 weight: [-6.4931, -2.8372, 4.0612, -0.3946, -1.1735, 0.7509, -12.4808]
Layer 1
	Neuron 1 weight: [-7.2693, 1.5399, 4.2781, 1.6515, 0.284, -6.971, 3.1649, -4.4913, 3.0881, -4.0785, 4.4947]
	Neuron 2 weight: [-4.3444, 2.2923, 4.4879, 2.0896, -4.8648, -6.3599, -1.9717, -2.3289, 1.7072, -1.0737, 5.9942]
	Neuron 3 weight: [-2.8733, 5.1527, -4.1776, 3.5797, 0.164, -0.0596, 0.0932, -0.4698, 2.2732, 1.8609, 3.1313]
	Neuron 4 weight: [-1.357, -2.4869, 3.2648, 2.455, -2.0652, -3.2396, -1.5436, -2.2863, -0.3514, -1.7294, 2.3033]
	Neuron 5 weight: [-4.9184, -0.9342, 0.4824, 4.3644, -1.4323, -3.6428, 0.1302, -2.0902, 2.7304, -3.5757, 3.6318]
	Neuron 6 weight: [-4.3148, 0.9146, 2.4683, 0.9163, -0.5998, -3.8342, 3.2522, -3.98, 0.0542, -3.8996, 1.4393]
	Neuron 7 weight: [-5.9545, 1.8006, 4.6614, 0.2841, -2.3312, -4.612, 2.0342, -4.5113, -0.1111, -3.9772, 1.7624]
	Neuron 8 weight: [-2.1556, 5.5484, 5.3781, -4.5741, -8.5648, -4.9551, 2.6836, -4.382, 5.2568, -4.3563, 5.5298]
	Neuron 9 weight: [-4.6275, -1.3135, 0.847, 2.9162, -0.7958, -3.5632, 0.3524, -1.7294, 2.7396, -3.1893, 3.7759]
	Neuron 10 weight: [-2.5961, -0.4984, 2.0522, 3.0609, -1.3973, -3.5622, -0.6802, -2.3095, 0.5046, -2.2454, 2.432]
Layer 2
	Neuron 1 weight: [4.8475, -2.7023, -4.3436, -1.9451, -1.9521, -2.6595, -2.3104, -2.6319, -3.8249, -1.5698, -1.882]
	Neuron 2 weight: [3.497, -2.0561, -3.284, -1.6188, -1.5127, -1.9711, -1.7725, -2.0436, -3.1126, -1.2396, -1.3988]
	Neuron 3 weight: [3.656, -2.0585, -3.3676, -1.6716, -1.5962, -2.0675, -1.8899, -2.1798, -3.1355, -1.1929, -1.4877]
	Neuron 4 weight: [2.9347, -1.6079, -2.6337, -1.6322, -1.2241, -1.6483, -1.545, -1.794, -2.6321, -0.9372, -1.2283]
	Neuron 5 weight: [9.8056, -3.6106, -1.2082, 3.2071, -0.7349, -3.1219, -1.0464, -0.1776, -6.1187, -3.5945, -1.9765]
	Neuron 6 weight: [3.4903, -2.0404, -3.253, -1.6288, -1.5025, -1.9816, -1.814, -2.0126, -3.0546, -1.1614, -1.4272]
	Neuron 7 weight: [3.1532, -1.7657, -2.8425, -1.6545, -1.351, -1.7388, -1.6958, -1.8796, -2.784, -1.0687, -1.2845]
	Neuron 8 weight: [3.5295, -1.084, -0.8279, -1.7074, -0.1083, -1.1824, -1.3157, -1.4478, -1.9378, -0.3731, -0.5739]
	Neuron 9 weight: [6.5914, -6.23, -2.6045, 5.2064, -3.4156, -0.1502, -2.5136, -5.7044, 2.6576, -1.1898, -1.1373]
	Neuron 10 weight: [2.764, -1.4767, -2.2206, -1.6966, -1.0331, -1.4792, -1.4357, -1.605, -2.3872, -0.8387, -1.0681]
Layer 3
	Neuron 1 weight: [-9.4847, -5.594, -3.4428, -3.6419, -2.2969, 11.249, -3.3443, -2.692, -0.6597, 5.9849, -1.7748]
	Neuron 2 weight: [5.521, -1.7924, -2.1212, -2.0645, -2.3316, -2.0643, -2.143, -2.2884, -3.0598, -8.0153, -2.435]
	Neuron 3 weight: [-9.7746, 4.2755, 3.6944, 3.793, 3.3901, -0.9076, 3.7556, 3.513, 3.0301, 0.5049, 3.2198]
	Neuron 4 weight: [0.316, -1.8956, -1.9817, -2.02, -2.0892, -12.0771, -2.0083, -2.1242, -2.6641, 1.9327, -2.0483]

Total test error = 4.0462% 


--- Execution time: 679.1904788017273 seconds ---
