Training data set size: 119 
Testing data set size: 30 

Total training iteration executed: 8000
Total training error = 64.7059% 

Neural Network model parameter are as follow:
Layer 0
	Neuron 1 weight: [0.0109, 0.0286, -0.0495, -0.041, 0.0035]
	Neuron 2 weight: [-0.0383, 0.0209, 0.0452, 0.024, 0.0406]
	Neuron 3 weight: [-0.038, 0.0187, -0.0366, 0.0476, -0.0307]
	Neuron 4 weight: [-0.048, -0.024, -0.0486, -0.0291, 0.0165]
	Neuron 5 weight: [-0.0349, 0.0251, -0.0442, -0.0367, -0.0145]
	Neuron 6 weight: [-0.0105, -0.0361, 0.0126, -0.0273, -0.0119]
Layer 1
	Neuron 1 weight: [-0.0178, 0.0066, -0.0348, 0.0496, -0.0492, 0.0182, -0.0037]
	Neuron 2 weight: [0.0351, -0.0411, 0.0367, -0.0254, -0.011, 0.0333, 0.0098]
	Neuron 3 weight: [-0.003, 0.0451, 0.0447, -0.0343, 0.0374, -0.0381, -0.0046]
	Neuron 4 weight: [0.0076, 0.0197, -0.0065, -0.0465, -0.0115, -0.0237, -0.0413]
	Neuron 5 weight: [-0.0095, 0.0404, 0.0056, -0.0183, -0.0105, -0.033, -0.0317]
	Neuron 6 weight: [0.0199, 0.0411, 0.0026, -0.0396, -0.0019, -0.0141, 0.0457]
Layer 2
	Neuron 1 weight: [0.0242, -0.0332, 0.0136, -0.0126, -0.0382, -0.0149, -0.0265]
	Neuron 2 weight: [0.0395, -0.0135, 0.0458, -0.0427, -0.0236, -0.0006, 0.0357]
	Neuron 3 weight: [0.0113, -0.0057, -0.0448, 0.0282, -0.0425, -0.0112, 0.0346]
	Neuron 4 weight: [-0.0074, 0.0345, 0.025, -0.0316, 0.0092, 0.0279, 0.0067]
	Neuron 5 weight: [-0.0203, -0.049, 0.0397, -0.0475, 0.0071, 0.036, 0.0337]
	Neuron 6 weight: [-0.0133, 0.0004, -0.0113, 0.0389, -0.0034, 0.0042, -0.0025]
Layer 3
	Neuron 1 weight: [-0.0449, 0.0356, -0.0355, 0.02, 0.0296, 0.0258, 0.0242]
	Neuron 2 weight: [-0.0481, 0.0052, 0.0173, 0.0474, -0.0294, 0.0236, -0.0314]
	Neuron 3 weight: [-0.0132, 0.011, -0.0118, -0.0237, 0.0191, 0.017, -0.0256]
	Neuron 4 weight: [0.0357, -0.0018, -0.0376, 0.0287, 0.0352, 0.0207, 0.0169]
	Neuron 5 weight: [-0.0442, -0.0306, 0.0366, -0.0453, 0.0138, 0.0121, 0.0158]
	Neuron 6 weight: [0.0472, -0.0155, -0.0351, 0.0167, 0.0179, -0.0168, -0.0265]
Layer 4
	Neuron 1 weight: [-0.0317, -0.0029, -0.0491, 0.049, -0.0402, 0.0095, 0.0169]
	Neuron 2 weight: [0.0117, 0.0283, -0.041, 0.0081, 0.0433, -0.0179, 0.0103]
	Neuron 3 weight: [-0.0488, 0.0037, 0.0108, 0.0282, -0.0255, -0.0442, 0.0086]
	Neuron 4 weight: [0.0472, -0.0129, -0.0203, 0.0211, 0.0013, -0.0074, -0.0481]
	Neuron 5 weight: [0.0172, -0.0478, -0.041, 0.047, 0.0459, -0.0036, 0.0252]
	Neuron 6 weight: [0.0253, -0.047, 0.0364, -0.0079, -0.0294, 0.0248, 0.0212]
Layer 5
	Neuron 1 weight: [0.0502, 0.0142, 0.0725, 0.0198, 0.0476, 0.0258, 0.0702]
	Neuron 2 weight: [0.1003, -0.0083, 0.0718, -0.0176, 0.0136, 0.0769, 0.0009]
	Neuron 3 weight: [0.0347, 0.0012, 0.0093, 0.0062, 0.0252, -0.0109, 0.0436]
	Neuron 4 weight: [0.0036, 0.0591, 0.0612, 0.0393, 0.0424, 0.0221, 0.0289]
	Neuron 5 weight: [0.0653, -0.0161, -0.0207, 0.0653, 0.0568, -0.0048, 0.0266]
	Neuron 6 weight: [0.083, 0.0331, 0.018, 0.0155, 0.0585, 0.0613, 0.0153]
Layer 6
	Neuron 1 weight: [0.3903, 0.2308, 0.1586, 0.1914, 0.1751, 0.167, 0.1743]
	Neuron 2 weight: [0.4304, 0.1836, 0.1874, 0.1827, 0.186, 0.1782, 0.1878]
	Neuron 3 weight: [0.3663, 0.2349, 0.259, 0.183, 0.1899, 0.2342, 0.2056]
	Neuron 4 weight: [0.4171, 0.1697, 0.2063, 0.2232, 0.2385, 0.2104, 0.2258]
	Neuron 5 weight: [0.3518, 0.1629, 0.2338, 0.216, 0.1708, 0.1558, 0.1829]
	Neuron 6 weight: [0.3405, 0.1819, 0.1996, 0.2228, 0.1768, 0.2183, 0.1786]
Layer 7
	Neuron 1 weight: [-0.9808, -0.572, -0.6251, -0.6123, -0.5843, -0.558, -0.5947]
	Neuron 2 weight: [-1.0069, -0.5787, -0.5771, -0.615, -0.5919, -0.5946, -0.5522]
	Neuron 3 weight: [-0.9853, -0.5849, -0.5526, -0.6265, -0.6177, -0.6149, -0.5444]
	Neuron 4 weight: [-0.9867, -0.581, -0.6177, -0.6141, -0.611, -0.5342, -0.5798]
	Neuron 5 weight: [-0.9747, -0.5823, -0.5854, -0.5627, -0.62, -0.6038, -0.6034]
	Neuron 6 weight: [-1.0125, -0.5604, -0.5877, -0.6334, -0.5879, -0.5457, -0.586]
Layer 8
	Neuron 1 weight: [-0.7031, -0.2229, -0.215, -0.2068, -0.2189, -0.1998, -0.2366]
	Neuron 2 weight: [-0.6841, -0.2214, -0.2127, -0.2173, -0.2096, -0.2081, -0.2388]
	Neuron 3 weight: [-0.6044, -0.2054, -0.215, -0.1899, -0.1928, -0.1994, -0.2074]

Total test error = 73.3333% 


--- Execution time: 591.3938727378845 seconds ---
