Execution: python3 ../src/NNDriver.py ../data/iris.csv 80 200 3 10 10 10

Training data set size: 119 
Testing data set size: 30 

Total training iteration executed: 200
Total training error = 63.0252% 

Neural Network model parameter are as follow:
Layer 0
	Neuron 1 weight: [0.0483, 0.0108, -0.0083, 0.0124, 0.0128]
	Neuron 2 weight: [0.0358, 0.017, -0.0315, 0.0136, 0.0097]
	Neuron 3 weight: [-0.0392, -0.0283, -0.0093, 0.0137, 0.0313]
	Neuron 4 weight: [-0.0142, 0.0087, 0.0587, -0.0038, 0.0078]
	Neuron 5 weight: [0.0189, -0.004, 0.0428, -0.0093, 0.039]
	Neuron 6 weight: [-0.0007, -0.0472, 0.0401, -0.0164, -0.0267]
	Neuron 7 weight: [0.0342, -0.0036, -0.0086, 0.005, -0.0291]
	Neuron 8 weight: [-0.0092, 0.0183, 0.044, 0.024, 0.0264]
	Neuron 9 weight: [-0.0206, -0.0094, -0.044, -0.0451, 0.0284]
	Neuron 10 weight: [0.0037, -0.0039, 0.0153, 0.0288, -0.0112]
Layer 1
	Neuron 1 weight: [0.0919, 0.0166, -0.0176, -0.0239, 0.0526, -0.0127, 0.0808, 0.0676, -0.0007, 0.0325, 0.0275]
	Neuron 2 weight: [0.088, 0.0422, 0.0531, 0.0272, 0.0433, 0.033, 0.0236, 0.0529, 0.043, -0.0097, -0.0265]
	Neuron 3 weight: [0.0704, 0.0072, 0.0436, 0.0343, 0.0622, 0.0087, 0.0563, 0.0067, 0.0699, 0.0428, 0.0149]
	Neuron 4 weight: [0.0355, -0.006, 0.0359, 0.0541, 0.0774, 0.0749, 0.0149, 0.0421, 0.0475, 0.0138, 0.0194]
	Neuron 5 weight: [0.0469, 0.065, 0.0391, 0.0614, -0.0046, 0.0147, 0.0293, 0.0085, -0.0007, 0.0083, 0.0259]
	Neuron 6 weight: [0.0556, -0.0079, 0.069, 0.0365, 0.012, 0.0557, 0.0646, -0.0163, 0.0335, 0.0114, 0.0456]
	Neuron 7 weight: [0.0273, 0.0247, 0.0207, 0.0191, 0.0645, 0.0664, 0.0428, 0.0152, -0.0162, -0.0022, 0.0328]
	Neuron 8 weight: [0.037, -0.0041, 0.0291, -0.0051, 0.0555, 0.0429, -0.0049, 0.0309, 0.0471, 0.0462, 0.0735]
	Neuron 9 weight: [-0.0031, -0.0107, 0.0374, -0.0028, -0.0228, 0.0305, 0.0628, 0.0622, -0.006, 0.0072, 0.0342]
	Neuron 10 weight: [0.0183, -0.0035, 0.0173, 0.0178, 0.0747, 0.0316, 0.0429, 0.0086, -0.0153, -0.0243, 0.0626]
Layer 2
	Neuron 1 weight: [-0.3338, -0.1243, -0.1238, -0.111, -0.1545, -0.1129, -0.1343, -0.1505, -0.1324, -0.1943, -0.1525]
	Neuron 2 weight: [-0.2755, -0.1901, -0.1852, -0.1774, -0.1797, -0.121, -0.1208, -0.1069, -0.1911, -0.1289, -0.104]
	Neuron 3 weight: [-0.2558, -0.1615, -0.1353, -0.1741, -0.1747, -0.1844, -0.1439, -0.125, -0.1343, -0.1245, -0.1965]
	Neuron 4 weight: [-0.2566, -0.1716, -0.1544, -0.1614, -0.1568, -0.1787, -0.1847, -0.0928, -0.1834, -0.1786, -0.1823]
	Neuron 5 weight: [-0.3268, -0.1691, -0.1517, -0.172, -0.148, -0.167, -0.1414, -0.1212, -0.1741, -0.1488, -0.1079]
	Neuron 6 weight: [-0.3276, -0.1502, -0.1802, -0.1642, -0.1161, -0.1549, -0.1742, -0.1463, -0.1738, -0.1269, -0.1473]
	Neuron 7 weight: [-0.329, -0.1107, -0.109, -0.1958, -0.1272, -0.1675, -0.1852, -0.1651, -0.1328, -0.104, -0.1465]
	Neuron 8 weight: [-0.2949, -0.1411, -0.1309, -0.1166, -0.1814, -0.1762, -0.1921, -0.1883, -0.185, -0.0957, -0.1273]
	Neuron 9 weight: [-0.2832, -0.1218, -0.1341, -0.1869, -0.1665, -0.1246, -0.1103, -0.1543, -0.1513, -0.1037, -0.199]
	Neuron 10 weight: [-0.2604, -0.1826, -0.1514, -0.1438, -0.1251, -0.1981, -0.1379, -0.1407, -0.1852, -0.129, -0.1356]
Layer 3
	Neuron 1 weight: [-0.3455, -0.1944, -0.1486, -0.1378, -0.1658, -0.1491, -0.1531, -0.1888, -0.1721, -0.1897, -0.1893]
	Neuron 2 weight: [-0.2775, -0.1546, -0.1102, -0.105, -0.1524, -0.1165, -0.09, -0.0917, -0.1567, -0.1124, -0.1455]
	Neuron 3 weight: [-0.3734, -0.2005, -0.1669, -0.1551, -0.1256, -0.1562, -0.1115, -0.1719, -0.1301, -0.1914, -0.1642]

Total test error = 80.0000% 


--- Execution time: 11.321481943130493 seconds ---
