Execution: python3 ../src/NNDriver.py ../data/iris.csv 80 1000 8 15 10 10 10 10 10 10 15

Training data set size: 119 
Testing data set size: 30 

Total training iteration executed: 1000
Total training error = 63.8655% 

Neural Network model parameter are as follow:
Layer 0
	Neuron 1 weight: [-0.0322, -0.028, 0.0482, 0.0483, 0.0418]
	Neuron 2 weight: [-0.0325, -0.0004, -0.0272, -0.0113, -0.0231]
	Neuron 3 weight: [-0.0389, 0.0401, -0.041, 0.007, 0.0258]
	Neuron 4 weight: [-0.0101, -0.0308, -0.0483, -0.0077, -0.0148]
	Neuron 5 weight: [0.0187, 0.0134, -0.0292, -0.0243, -0.0152]
	Neuron 6 weight: [-0.0035, -0.0199, -0.0244, -0.026, -0.0392]
	Neuron 7 weight: [-0.0278, 0.0284, 0.0154, 0.0153, 0.0205]
	Neuron 8 weight: [0.0395, 0.008, -0.0306, 0.0234, 0.0427]
	Neuron 9 weight: [-0.0118, -0.0328, -0.0056, -0.0371, 0.0226]
	Neuron 10 weight: [0.0392, 0.0023, 0.0225, 0.0437, 0.0194]
	Neuron 11 weight: [0.0409, 0.0091, -0.0263, -0.0199, -0.0085]
	Neuron 12 weight: [0.0105, 0.005, -0.0094, -0.0419, -0.0329]
	Neuron 13 weight: [-0.0324, 0.0361, 0.0009, 0.012, 0.0051]
	Neuron 14 weight: [-0.0398, 0.0049, -0.006, 0.0148, 0.0415]
	Neuron 15 weight: [0.0303, -0.0029, -0.0142, -0.0038, 0.0264]
Layer 1
	Neuron 1 weight: [-0.0294, 0.0436, -0.0269, -0.0393, -0.0186, -0.0021, 0.0098, -0.0347, -0.0329, -0.006, -0.0232, 0.0196, -0.0241, -0.0429, 0.0395, 0.029]
	Neuron 2 weight: [-0.0234, -0.0469, -0.0489, 0.005, -0.0303, -0.037, 0.0035, -0.0336, 0.0368, -0.0423, 0.0258, -0.0074, -0.0048, -0.0098, 0.0159, -0.0025]
	Neuron 3 weight: [-0.0164, 0.0213, 0.0308, -0.0265, -0.0122, 0.0168, 0.0245, -0.0286, -0.0136, 0.0279, 0.0265, 0.0387, -0.0393, 0.0158, 0.0318, -0.0272]
	Neuron 4 weight: [-0.0037, 0.0393, 0.0029, -0.0156, -0.0066, 0.0393, -0.0059, 0.0045, -0.0252, -0.021, -0.0123, -0.0016, 0.0386, -0.034, -0.0206, -0.0438]
	Neuron 5 weight: [0.0286, -0.0133, -0.0164, -0.0131, -0.0477, -0.0254, -0.0468, 0.0096, 0.0259, 0.0484, -0.0396, 0.0215, -0.0257, 0.0145, 0.0186, -0.0292]
	Neuron 6 weight: [0.012, -0.0375, -0.0343, 0.0121, -0.0419, -0.0156, 0.0476, -0.0375, 0.0192, -0.0443, -0.0265, -0.0048, -0.0333, -0.0172, 0.002, 0.0163]
	Neuron 7 weight: [0.0481, 0.0288, -0.0002, 0.0258, -0.0035, -0.0494, 0.0068, -0.0222, -0.0147, -0.017, -0.0468, 0.0, -0.0426, 0.0167, 0.0144, 0.0209]
	Neuron 8 weight: [0.029, -0.0253, -0.0338, 0.0063, 0.0078, -0.0303, 0.0298, -0.0023, -0.0434, -0.039, 0.0488, 0.0266, -0.0447, 0.0154, 0.0458, 0.0222]
	Neuron 9 weight: [-0.0069, -0.0166, -0.0437, 0.0407, 0.0307, 0.0026, 0.0198, -0.0055, -0.0453, -0.0012, -0.0116, -0.0174, -0.0173, 0.0058, 0.0443, 0.0183]
	Neuron 10 weight: [0.019, 0.037, 0.0049, 0.0429, -0.0275, -0.039, 0.012, -0.0437, 0.0317, 0.0144, 0.05, -0.0159, -0.0096, -0.0098, -0.0028, -0.0055]
Layer 2
	Neuron 1 weight: [-0.0126, -0.0002, 0.0343, 0.0084, 0.0338, 0.0168, -0.0378, -0.0251, -0.0299, -0.0363, -0.016]
	Neuron 2 weight: [-0.0491, 0.0478, -0.0044, 0.0353, 0.015, 0.0447, 0.0003, 0.0395, -0.0041, 0.0405, 0.023]
	Neuron 3 weight: [-0.0167, 0.0162, 0.0201, 0.0478, 0.0314, 0.0311, 0.004, 0.0091, 0.003, -0.0129, 0.0392]
	Neuron 4 weight: [0.0421, -0.0129, -0.0022, -0.0378, -0.0365, -0.0064, 0.0164, -0.0041, -0.0102, 0.0271, -0.0382]
	Neuron 5 weight: [-0.0084, -0.0232, -0.0104, 0.0449, 0.0248, 0.0096, 0.0457, -0.0082, 0.0269, 0.0388, 0.0234]
	Neuron 6 weight: [-0.0152, -0.0289, 0.0131, -0.0029, 0.0028, -0.0498, -0.0342, -0.0205, -0.0291, -0.0063, -0.0088]
	Neuron 7 weight: [-0.0145, -0.02, -0.0113, 0.0299, 0.0371, -0.0466, 0.0331, 0.0039, 0.0294, -0.0461, -0.0098]
	Neuron 8 weight: [-0.0424, -0.0498, 0.0374, -0.0174, 0.0344, -0.0272, 0.01, -0.0204, -0.0197, -0.0498, 0.0051]
	Neuron 9 weight: [-0.0445, -0.0143, -0.0144, -0.05, 0.014, 0.0201, -0.0025, -0.0488, -0.0226, 0.0117, -0.0168]
	Neuron 10 weight: [-0.0461, 0.0124, -0.0248, -0.0333, -0.0247, -0.0415, -0.0231, -0.0426, -0.0353, 0.0381, -0.0055]
Layer 3
	Neuron 1 weight: [-0.0398, -0.0419, -0.004, 0.0296, 0.0325, 0.0089, -0.0174, -0.0274, 0.0228, 0.0019, 0.0462]
	Neuron 2 weight: [0.0207, 0.0001, 0.0125, -0.0227, -0.042, 0.0039, -0.0354, -0.0297, -0.0006, -0.0279, -0.0088]
	Neuron 3 weight: [-0.0203, 0.011, 0.0413, -0.011, 0.0368, 0.04, 0.0358, -0.0103, -0.0067, 0.0063, 0.0346]
	Neuron 4 weight: [-0.0288, 0.0464, -0.0152, 0.0343, 0.0378, -0.0112, -0.0219, -0.0076, 0.0284, -0.0341, -0.0182]
	Neuron 5 weight: [0.0138, 0.012, 0.0154, 0.0211, -0.0499, 0.0054, -0.0486, 0.0138, 0.042, -0.0332, -0.038]
	Neuron 6 weight: [0.0302, 0.0191, -0.0017, -0.0412, 0.0391, 0.0085, 0.0384, 0.0078, -0.0094, -0.0329, 0.0361]
	Neuron 7 weight: [-0.0196, -0.0157, 0.0276, -0.0186, -0.0228, 0.013, -0.0129, 0.0229, -0.0448, 0.0353, -0.0351]
	Neuron 8 weight: [-0.0442, 0.034, 0.0118, -0.0139, -0.0228, -0.0143, 0.0337, 0.0296, -0.0298, -0.0125, -0.013]
	Neuron 9 weight: [0.0013, 0.0418, -0.0074, 0.0069, 0.0055, -0.0169, -0.0052, 0.0147, 0.0229, 0.019, 0.002]
	Neuron 10 weight: [-0.0154, -0.045, 0.0002, 0.038, 0.0434, -0.0217, 0.0351, -0.0041, -0.0259, -0.0419, -0.0182]
Layer 4
	Neuron 1 weight: [0.0274, -0.018, -0.0288, -0.0084, -0.026, 0.0203, -0.0146, -0.0165, 0.0126, -0.0432, 0.0243]
	Neuron 2 weight: [-0.01, -0.0396, 0.0443, 0.0104, -0.0442, -0.0059, -0.0021, 0.0209, -0.0454, -0.0251, -0.0355]
	Neuron 3 weight: [0.0224, -0.0038, -0.0264, 0.0373, -0.0221, -0.0164, -0.0287, -0.0019, 0.0017, 0.002, 0.0233]
	Neuron 4 weight: [0.0078, -0.0244, -0.0397, -0.0415, -0.0272, -0.0105, 0.0217, -0.0213, 0.0167, 0.0374, -0.0489]
	Neuron 5 weight: [0.0415, 0.0089, 0.0038, -0.0369, 0.0031, -0.0463, -0.018, 0.0374, 0.0432, 0.025, 0.0063]
	Neuron 6 weight: [0.047, -0.0429, -0.0405, 0.0405, -0.017, -0.0024, 0.0159, 0.009, 0.0112, -0.0169, -0.0218]
	Neuron 7 weight: [0.0294, 0.0301, -0.0297, -0.0245, -0.0347, -0.0291, -0.006, -0.0335, -0.0304, -0.0361, 0.0184]
	Neuron 8 weight: [-0.0201, 0.0346, 0.0188, 0.0219, 0.0212, 0.0472, 0.0183, 0.015, -0.0319, -0.0244, -0.0271]
	Neuron 9 weight: [-0.0261, -0.0181, -0.0065, -0.0278, -0.0036, 0.0052, -0.0033, -0.0238, -0.0089, 0.0074, 0.0134]
	Neuron 10 weight: [0.034, 0.0275, -0.0005, -0.0103, -0.0478, -0.0016, 0.0094, 0.0497, -0.0206, 0.0107, 0.0074]
Layer 5
	Neuron 1 weight: [0.0188, -0.0206, -0.0048, -0.0048, 0.0663, 0.0593, -0.032, -0.0302, 0.03, 0.0412, 0.0564]
	Neuron 2 weight: [0.0761, 0.0575, -0.0274, 0.0491, -0.0065, -0.0126, 0.0475, -0.028, 0.0641, 0.0385, -0.023]
	Neuron 3 weight: [0.0098, 0.0108, 0.0545, 0.0062, -0.0147, -0.0262, 0.0403, -0.0032, 0.0508, -0.0137, -0.0287]
	Neuron 4 weight: [0.0483, -0.0046, 0.0168, -0.0038, 0.0332, 0.0345, -0.0265, 0.0345, 0.0054, -0.021, 0.0641]
	Neuron 5 weight: [0.0097, 0.0217, -0.0061, 0.0325, -0.0062, 0.0216, 0.0658, 0.0309, -0.0283, 0.0583, 0.0534]
	Neuron 6 weight: [0.0711, 0.0468, 0.0589, -0.0076, -0.0085, 0.0463, -0.0196, 0.0363, 0.0437, -0.0287, -0.0148]
	Neuron 7 weight: [0.0787, -0.0095, 0.0325, 0.0158, -0.0136, 0.0365, 0.0529, 0.0239, 0.0324, 0.0274, -0.0008]
	Neuron 8 weight: [0.0559, -0.0178, -0.0235, -0.0128, -0.0, 0.0493, -0.0255, -0.0266, 0.0372, 0.0657, -0.0132]
	Neuron 9 weight: [0.0321, 0.0047, 0.0427, -0.023, 0.0325, 0.0078, 0.0179, -0.0144, -0.0161, 0.0308, 0.051]
	Neuron 10 weight: [0.0402, 0.0076, -0.0008, 0.0213, -0.0262, 0.07, 0.0264, 0.0681, 0.0302, -0.025, -0.021]
Layer 6
	Neuron 1 weight: [0.2015, 0.0829, 0.1141, 0.0992, 0.1694, 0.1077, 0.1468, 0.1227, 0.0797, 0.0762, 0.1717]
	Neuron 2 weight: [0.2623, 0.1291, 0.0763, 0.0784, 0.1191, 0.0951, 0.115, 0.1591, 0.1313, 0.0964, 0.113]
	Neuron 3 weight: [0.2034, 0.1178, 0.1126, 0.0746, 0.0946, 0.1131, 0.1003, 0.0976, 0.1601, 0.1289, 0.0961]
	Neuron 4 weight: [0.2182, 0.1143, 0.146, 0.0824, 0.1672, 0.1515, 0.1181, 0.1221, 0.0998, 0.0921, 0.1076]
	Neuron 5 weight: [0.2796, 0.0805, 0.1102, 0.069, 0.1009, 0.0721, 0.1197, 0.1289, 0.0671, 0.1524, 0.1446]
	Neuron 6 weight: [0.217, 0.123, 0.1307, 0.1193, 0.1354, 0.1589, 0.0933, 0.0868, 0.1362, 0.1275, 0.1195]
	Neuron 7 weight: [0.1854, 0.1289, 0.0831, 0.1323, 0.1074, 0.1088, 0.1707, 0.1582, 0.1444, 0.0779, 0.0978]
	Neuron 8 weight: [0.213, 0.1576, 0.1375, 0.0896, 0.1546, 0.091, 0.1121, 0.1489, 0.1112, 0.1491, 0.1372]
	Neuron 9 weight: [0.229, 0.1099, 0.1344, 0.1362, 0.0892, 0.1576, 0.0769, 0.1048, 0.0861, 0.1286, 0.1565]
	Neuron 10 weight: [0.2586, 0.1444, 0.0927, 0.1709, 0.1329, 0.16, 0.1554, 0.1768, 0.1659, 0.1699, 0.1406]
Layer 7
	Neuron 1 weight: [-0.5251, -0.2694, -0.2955, -0.2861, -0.3217, -0.2659, -0.2867, -0.2535, -0.2918, -0.271, -0.2785]
	Neuron 2 weight: [-0.512, -0.3032, -0.3146, -0.2836, -0.298, -0.2431, -0.2785, -0.2395, -0.2968, -0.3312, -0.2665]
	Neuron 3 weight: [-0.5234, -0.2373, -0.2671, -0.3014, -0.3006, -0.2823, -0.2805, -0.2638, -0.305, -0.3155, -0.2971]
	Neuron 4 weight: [-0.4975, -0.3069, -0.255, -0.3074, -0.2792, -0.2982, -0.281, -0.2801, -0.3251, -0.2298, -0.3233]
	Neuron 5 weight: [-0.5139, -0.2927, -0.3192, -0.2872, -0.2755, -0.2855, -0.3247, -0.2894, -0.2365, -0.2566, -0.287]
	Neuron 6 weight: [-0.5062, -0.2382, -0.291, -0.3046, -0.3088, -0.273, -0.2746, -0.2882, -0.2753, -0.2928, -0.2986]
	Neuron 7 weight: [-0.5063, -0.3037, -0.2527, -0.2879, -0.2883, -0.3039, -0.2899, -0.2999, -0.2784, -0.2486, -0.3169]
	Neuron 8 weight: [-0.4885, -0.3024, -0.2506, -0.2797, -0.3257, -0.2495, -0.3148, -0.2686, -0.3256, -0.2728, -0.3019]
	Neuron 9 weight: [-0.4544, -0.2976, -0.2945, -0.2852, -0.2759, -0.279, -0.2696, -0.2938, -0.3314, -0.264, -0.3436]
	Neuron 10 weight: [-0.5422, -0.3104, -0.2396, -0.2765, -0.3251, -0.2763, -0.2651, -0.3098, -0.2434, -0.2691, -0.2802]
	Neuron 11 weight: [-0.5244, -0.2761, -0.2857, -0.3025, -0.241, -0.2528, -0.2594, -0.31, -0.2526, -0.3044, -0.3403]
	Neuron 12 weight: [-0.5163, -0.2743, -0.2944, -0.2835, -0.2547, -0.2621, -0.2972, -0.2776, -0.3357, -0.2481, -0.299]
	Neuron 13 weight: [-0.4871, -0.2668, -0.2537, -0.2473, -0.289, -0.3136, -0.2949, -0.254, -0.3219, -0.308, -0.3252]
	Neuron 14 weight: [-0.4998, -0.3138, -0.291, -0.2787, -0.2497, -0.3052, -0.2669, -0.3003, -0.2805, -0.2814, -0.3036]
	Neuron 15 weight: [-0.4833, -0.2877, -0.2486, -0.2617, -0.3102, -0.308, -0.3188, -0.2775, -0.2441, -0.2867, -0.3445]
Layer 8
	Neuron 1 weight: [-0.513, -0.1208, -0.1232, -0.1476, -0.1192, -0.1336, -0.175, -0.1593, -0.1386, -0.1619, -0.1586, -0.1463, -0.172, -0.158, -0.1441, -0.1539]
	Neuron 2 weight: [-0.6172, -0.1816, -0.1692, -0.1532, -0.1834, -0.181, -0.1726, -0.1687, -0.1661, -0.1906, -0.1958, -0.1483, -0.2154, -0.1833, -0.1545, -0.1788]
	Neuron 3 weight: [-0.4447, -0.153, -0.1266, -0.1211, -0.1395, -0.1433, -0.1552, -0.1487, -0.1378, -0.1544, -0.1536, -0.1461, -0.183, -0.1555, -0.1169, -0.1417]

Total test error = 76.6667% 


--- Execution time: 153.18943095207214 seconds ---
