Execution: python3 ../src/NNDriver.py ../data/iris.csv 80 200 4 10 10 10 10

Training data set size: 119 
Testing data set size: 30 

Total training iteration executed: 200
Total training error = 62.1849% 

Neural Network model parameter are as follow:
Layer 0
	Neuron 1 weight: [0.0336, 0.0256, 0.0217, 0.0202, -0.0047]
	Neuron 2 weight: [0.0157, 0.0254, 0.0018, -0.0425, 0.0241]
	Neuron 3 weight: [-0.0456, 0.0457, -0.0342, 0.0201, -0.0198]
	Neuron 4 weight: [-0.003, -0.0143, 0.0275, -0.024, 0.0328]
	Neuron 5 weight: [0.0336, -0.0265, 0.0072, 0.0003, -0.0019]
	Neuron 6 weight: [0.0083, 0.0137, -0.0256, 0.0004, -0.0236]
	Neuron 7 weight: [0.0292, 0.0023, -0.0135, 0.0424, 0.0102]
	Neuron 8 weight: [-0.0346, 0.0059, 0.0079, -0.0003, -0.0365]
	Neuron 9 weight: [0.0355, 0.0365, 0.0302, -0.0363, 0.0146]
	Neuron 10 weight: [0.048, 0.036, -0.022, 0.0069, -0.0158]
Layer 1
	Neuron 1 weight: [-0.0306, -0.0153, -0.0134, 0.0043, 0.0461, -0.045, 0.0296, -0.042, 0.0329, 0.0085, 0.0308]
	Neuron 2 weight: [-0.0276, 0.008, -0.0459, 0.0361, -0.043, 0.0331, 0.0131, -0.0122, 0.0059, 0.0035, -0.0057]
	Neuron 3 weight: [0.0147, 0.0138, -0.0116, 0.0405, -0.0375, -0.0198, 0.0494, 0.0456, 0.0366, 0.0003, -0.0375]
	Neuron 4 weight: [-0.0077, -0.0412, 0.0366, -0.0317, 0.0136, -0.0235, 0.0232, 0.0463, 0.012, 0.0241, -0.0087]
	Neuron 5 weight: [0.0227, -0.0244, -0.0009, -0.0112, -0.013, -0.0177, 0.0091, 0.03, -0.0124, -0.039, 0.0206]
	Neuron 6 weight: [-0.025, 0.0462, 0.018, 0.0246, 0.0263, 0.0048, 0.0055, -0.0015, 0.0113, -0.0432, 0.0306]
	Neuron 7 weight: [-0.0201, 0.0354, -0.036, 0.0513, -0.0217, 0.009, -0.0021, -0.0131, -0.0032, 0.0467, -0.0373]
	Neuron 8 weight: [-0.042, -0.0265, 0.0049, -0.0456, 0.0252, -0.0137, 0.0459, -0.0198, 0.0019, 0.0169, 0.0176]
	Neuron 9 weight: [-0.0082, 0.0007, 0.0451, -0.0315, 0.0248, 0.0174, 0.0036, 0.0046, -0.0085, -0.0322, 0.0197]
	Neuron 10 weight: [-0.0344, 0.0409, 0.0141, -0.0202, -0.0457, -0.0387, -0.0184, -0.0057, 0.0357, 0.0036, 0.0307]
Layer 2
	Neuron 1 weight: [0.1019, 0.0014, 0.0311, 0.0127, 0.0781, 0.051, 0.0719, 0.0221, 0.0322, 0.0139, -0.0051]
	Neuron 2 weight: [0.015, -0.0146, 0.0178, 0.0364, -0.0153, -0.0152, 0.025, 0.0499, 0.0555, 0.0573, 0.0653]
	Neuron 3 weight: [-0.0001, 0.0319, -0.0059, 0.0323, 0.0583, -0.005, 0.0127, 0.0131, -0.0183, 0.0104, 0.0509]
	Neuron 4 weight: [0.0462, 0.0696, 0.0586, 0.0178, -0.0184, -0.0057, 0.0411, 0.0694, 0.0584, 0.0616, 0.0187]
	Neuron 5 weight: [0.0965, -0.0083, -0.016, 0.0763, 0.0525, 0.0447, -0.01, 0.0519, 0.0007, 0.0355, 0.058]
	Neuron 6 weight: [0.0586, 0.0586, -0.0105, 0.0673, 0.0004, 0.0091, -0.0126, 0.0264, -0.0251, 0.0444, 0.0206]
	Neuron 7 weight: [0.0166, 0.0525, -0.0195, 0.0631, -0.016, 0.0699, 0.0284, 0.0775, 0.0533, -0.0173, 0.019]
	Neuron 8 weight: [0.0266, 0.0341, 0.0001, -0.0075, -0.0181, -0.006, 0.0266, 0.0721, -0.0113, 0.0316, -0.02]
	Neuron 9 weight: [0.022, 0.0363, -0.0116, 0.0088, -0.0146, -0.004, 0.065, 0.0724, 0.0475, 0.0522, 0.0111]
	Neuron 10 weight: [0.0478, 0.0732, 0.0399, 0.0764, 0.0292, 0.0158, 0.0178, 0.0257, 0.0759, 0.0604, 0.0654]
Layer 3
	Neuron 1 weight: [-0.2518, -0.2068, -0.1311, -0.1731, -0.1883, -0.1599, -0.1354, -0.1198, -0.1577, -0.1679, -0.1221]
	Neuron 2 weight: [-0.3099, -0.1768, -0.189, -0.0907, -0.1029, -0.1678, -0.12, -0.1912, -0.1635, -0.1456, -0.1675]
	Neuron 3 weight: [-0.3086, -0.1109, -0.1589, -0.1835, -0.1491, -0.2008, -0.1497, -0.1462, -0.1208, -0.1462, -0.1225]
	Neuron 4 weight: [-0.2833, -0.1499, -0.1238, -0.1053, -0.1329, -0.2006, -0.1554, -0.1112, -0.1251, -0.1642, -0.204]
	Neuron 5 weight: [-0.2437, -0.1992, -0.152, -0.1286, -0.1355, -0.2002, -0.1386, -0.1935, -0.1389, -0.1371, -0.1847]
	Neuron 6 weight: [-0.2996, -0.1877, -0.1668, -0.0986, -0.1703, -0.1594, -0.1722, -0.1668, -0.107, -0.1632, -0.1388]
	Neuron 7 weight: [-0.2716, -0.1813, -0.1489, -0.1056, -0.1424, -0.2017, -0.135, -0.1719, -0.1782, -0.1416, -0.1134]
	Neuron 8 weight: [-0.2766, -0.1625, -0.1536, -0.1577, -0.1869, -0.1115, -0.1154, -0.164, -0.0959, -0.1536, -0.1811]
	Neuron 9 weight: [-0.2635, -0.1918, -0.1954, -0.1081, -0.1249, -0.1778, -0.1112, -0.138, -0.1644, -0.1169, -0.2016]
	Neuron 10 weight: [-0.2918, -0.1411, -0.1391, -0.1502, -0.1605, -0.1329, -0.1798, -0.1795, -0.1599, -0.1794, -0.1105]
Layer 4
	Neuron 1 weight: [-0.4845, -0.1759, -0.197, -0.1504, -0.1572, -0.1604, -0.1663, -0.2052, -0.2283, -0.1876, -0.1542]
	Neuron 2 weight: [-0.2378, -0.1133, -0.0896, -0.1215, -0.1148, -0.1533, -0.1575, -0.0967, -0.1232, -0.1314, -0.1354]
	Neuron 3 weight: [-0.3128, -0.1271, -0.133, -0.1565, -0.0957, -0.143, -0.1463, -0.1171, -0.1695, -0.1486, -0.1163]

Total test error = 83.3333% 


--- Execution time: 14.417312860488892 seconds ---
