Execution: python3 ../src/NNDriver.py ../data/iris.csv 80 200 8 10 8 8 8 8 8 8 10

Training data set size: 119 
Testing data set size: 30 

Total training iteration executed: 200
Total training error = 62.1849% 

Neural Network model parameter are as follow:
Layer 0
	Neuron 1 weight: [-0.0242, -0.0444, -0.0388, -0.0255, -0.0161]
	Neuron 2 weight: [-0.007, -0.0281, 0.0034, -0.0461, -0.0337]
	Neuron 3 weight: [0.029, 0.0143, 0.0274, -0.0428, 0.0123]
	Neuron 4 weight: [-0.0161, -0.0274, 0.0294, -0.0077, 0.0355]
	Neuron 5 weight: [0.0475, 0.0337, 0.0225, -0.0354, 0.0001]
	Neuron 6 weight: [-0.0451, -0.0382, -0.0114, 0.0468, -0.0279]
	Neuron 7 weight: [-0.0126, 0.0468, -0.0049, 0.0044, -0.0481]
	Neuron 8 weight: [-0.0422, 0.024, -0.0346, -0.0248, -0.0091]
	Neuron 9 weight: [-0.0435, 0.0043, -0.048, 0.0184, -0.0027]
	Neuron 10 weight: [-0.0154, -0.0008, 0.0432, 0.0021, 0.0099]
Layer 1
	Neuron 1 weight: [-0.0226, 0.0062, 0.0007, 0.0268, -0.0246, 0.0231, -0.0325, -0.0427, -0.024, -0.017, -0.02]
	Neuron 2 weight: [-0.0419, -0.031, 0.0018, -0.014, -0.0051, -0.0246, -0.0229, 0.0354, -0.0135, -0.0018, 0.0295]
	Neuron 3 weight: [0.0302, 0.0068, 0.043, -0.0444, -0.0101, -0.0201, 0.0369, -0.0349, -0.0088, -0.0136, -0.0409]
	Neuron 4 weight: [-0.0322, -0.0397, -0.0469, -0.0396, -0.0364, 0.0236, 0.0132, 0.0104, -0.0355, 0.0455, 0.0201]
	Neuron 5 weight: [-0.0454, -0.0008, 0.0228, -0.025, -0.0254, 0.0207, 0.0359, 0.0446, -0.024, 0.0066, -0.0349]
	Neuron 6 weight: [-0.0314, 0.0037, -0.0315, -0.0013, -0.0495, -0.044, 0.0313, -0.0138, 0.0431, -0.0356, -0.0409]
	Neuron 7 weight: [-0.0168, 0.0118, -0.0019, -0.0086, -0.0177, -0.0456, 0.0095, 0.0023, -0.0437, -0.0022, -0.0159]
	Neuron 8 weight: [0.0447, 0.0115, -0.028, 0.024, 0.03, 0.0174, 0.0484, -0.0132, -0.0197, -0.0155, -0.0299]
Layer 2
	Neuron 1 weight: [0.0334, -0.031, 0.0332, 0.037, -0.0372, 0.044, -0.0296, -0.0143, 0.0466]
	Neuron 2 weight: [-0.0009, 0.0348, -0.0171, -0.0057, -0.0484, 0.0498, -0.0134, 0.0053, 0.0397]
	Neuron 3 weight: [-0.0497, 0.0473, 0.0163, 0.002, -0.0101, -0.0273, 0.034, 0.0342, 0.0446]
	Neuron 4 weight: [0.0345, -0.0383, -0.0345, 0.0483, -0.0461, 0.001, 0.0302, 0.0395, 0.025]
	Neuron 5 weight: [-0.0481, -0.0182, -0.0247, 0.0101, 0.0421, -0.0471, 0.0033, -0.0185, 0.0392]
	Neuron 6 weight: [0.0177, -0.0148, 0.0232, -0.0135, -0.0247, -0.0022, -0.0255, -0.0136, -0.0115]
	Neuron 7 weight: [0.049, -0.0215, 0.0404, 0.0345, -0.0293, -0.0099, 0.0263, 0.0345, -0.0236]
	Neuron 8 weight: [0.0484, 0.0241, -0.0308, 0.0374, 0.014, 0.0432, -0.0161, -0.0048, 0.0378]
Layer 3
	Neuron 1 weight: [-0.0018, 0.0042, 0.01, 0.0321, -0.0464, -0.0488, 0.0023, -0.0499, 0.0384]
	Neuron 2 weight: [0.01, 0.0162, 0.0364, 0.0067, 0.0029, 0.031, -0.0027, -0.0176, 0.0181]
	Neuron 3 weight: [-0.0017, 0.0371, -0.0033, -0.0178, -0.0226, -0.0035, 0.0224, -0.0194, -0.0139]
	Neuron 4 weight: [0.0226, 0.0358, -0.0093, 0.0285, 0.0217, -0.0397, -0.0474, 0.0021, 0.0452]
	Neuron 5 weight: [-0.0269, 0.0207, 0.0438, -0.0299, 0.0041, 0.0072, 0.0388, -0.0269, 0.0487]
	Neuron 6 weight: [-0.0377, -0.0413, 0.0062, 0.0352, 0.0217, 0.0169, -0.0188, -0.0464, -0.0057]
	Neuron 7 weight: [0.0378, -0.0418, 0.0215, 0.0034, -0.0349, 0.03, -0.0278, -0.0301, -0.0428]
	Neuron 8 weight: [0.0196, 0.0174, -0.0381, -0.0063, 0.0285, 0.0187, 0.0297, -0.0395, -0.0424]
Layer 4
	Neuron 1 weight: [0.0246, -0.0221, 0.0396, 0.023, -0.0382, 0.0005, 0.0463, 0.0079, 0.0274]
	Neuron 2 weight: [0.0284, 0.0153, 0.0154, 0.0124, 0.0227, 0.0046, 0.0499, -0.0355, 0.0325]
	Neuron 3 weight: [0.0307, 0.0179, -0.0474, 0.0115, -0.0463, 0.0221, -0.0483, 0.0101, 0.0049]
	Neuron 4 weight: [-0.0434, -0.0408, 0.0208, 0.0087, -0.0421, -0.0358, -0.0086, -0.0472, -0.0164]
	Neuron 5 weight: [0.0486, -0.0467, -0.0315, -0.0281, 0.0456, -0.0292, -0.0271, -0.024, -0.0329]
	Neuron 6 weight: [-0.0355, 0.0238, 0.0243, 0.0133, 0.0324, -0.027, -0.0022, 0.0013, -0.0102]
	Neuron 7 weight: [0.0034, 0.0371, -0.0354, 0.0253, 0.0458, 0.0415, 0.0426, -0.01, 0.0071]
	Neuron 8 weight: [0.0148, 0.0127, -0.0194, 0.0415, -0.0393, -0.0374, -0.0006, -0.0162, 0.0202]
Layer 5
	Neuron 1 weight: [0.0162, -0.0279, 0.015, -0.006, 0.0155, -0.016, 0.0328, 0.0225, -0.0269]
	Neuron 2 weight: [0.0233, -0.0338, -0.018, -0.0248, -0.0325, -0.0154, -0.0382, -0.0, 0.0439]
	Neuron 3 weight: [0.0194, 0.0438, 0.0236, 0.038, 0.0415, -0.019, 0.0293, -0.0143, -0.032]
	Neuron 4 weight: [0.0126, 0.0435, 0.0257, 0.0191, -0.0246, 0.0046, 0.0445, 0.0134, 0.0004]
	Neuron 5 weight: [-0.0248, 0.0242, -0.0464, -0.0059, 0.0341, 0.0042, 0.0167, 0.035, -0.0277]
	Neuron 6 weight: [0.0387, -0.0068, -0.0114, -0.0132, -0.0341, -0.0442, -0.0029, -0.0409, 0.0039]
	Neuron 7 weight: [0.0108, -0.0198, -0.0488, 0.0414, 0.0443, 0.0082, 0.0096, 0.0363, 0.0228]
	Neuron 8 weight: [0.0293, -0.007, 0.0492, 0.0017, -0.0026, -0.0074, 0.0228, 0.0298, 0.0344]
Layer 6
	Neuron 1 weight: [0.0266, 0.0548, -0.0145, 0.0601, 0.0506, 0.0779, 0.0272, 0.0002, 0.0592]
	Neuron 2 weight: [0.0812, 0.0354, 0.0086, 0.0701, 0.0687, 0.0159, 0.0632, 0.0105, 0.019]
	Neuron 3 weight: [0.0587, 0.0381, 0.081, 0.0423, -0.0094, 0.0379, 0.0503, 0.0165, 0.0409]
	Neuron 4 weight: [0.0563, -0.0001, 0.0021, 0.0375, 0.0051, -0.012, 0.0278, 0.047, 0.0624]
	Neuron 5 weight: [0.0647, 0.0641, -0.0003, 0.0726, 0.0163, 0.0156, 0.0661, 0.014, 0.0471]
	Neuron 6 weight: [0.0065, 0.072, -0.0144, 0.0732, 0.0551, 0.0728, 0.0022, 0.0438, 0.0061]
	Neuron 7 weight: [0.0386, 0.0295, 0.032, 0.0433, 0.0756, 0.0427, 0.0486, 0.0533, 0.0184]
	Neuron 8 weight: [0.0154, 0.0375, 0.0064, 0.0098, 0.0559, 0.0722, 0.0279, 0.0424, 0.0035]
Layer 7
	Neuron 1 weight: [-0.3296, -0.1922, -0.1352, -0.1689, -0.1442, -0.1684, -0.1532, -0.122, -0.1312]
	Neuron 2 weight: [-0.2654, -0.1353, -0.1355, -0.1595, -0.1625, -0.2031, -0.1651, -0.1883, -0.1914]
	Neuron 3 weight: [-0.3268, -0.1271, -0.2066, -0.1414, -0.1875, -0.1429, -0.1897, -0.1356, -0.1663]
	Neuron 4 weight: [-0.315, -0.1619, -0.1259, -0.204, -0.2041, -0.1381, -0.1723, -0.1535, -0.1123]
	Neuron 5 weight: [-0.3104, -0.1912, -0.1228, -0.1877, -0.1757, -0.1282, -0.1147, -0.1898, -0.1416]
	Neuron 6 weight: [-0.2681, -0.1792, -0.1867, -0.1537, -0.1147, -0.1783, -0.1513, -0.1666, -0.2034]
	Neuron 7 weight: [-0.3103, -0.1965, -0.2048, -0.1989, -0.1972, -0.1177, -0.151, -0.139, -0.13]
	Neuron 8 weight: [-0.282, -0.1786, -0.1493, -0.1533, -0.134, -0.1628, -0.1201, -0.1816, -0.1666]
	Neuron 9 weight: [-0.3025, -0.114, -0.1792, -0.2059, -0.1899, -0.1721, -0.1325, -0.1671, -0.1117]
	Neuron 10 weight: [-0.3485, -0.1486, -0.1896, -0.1688, -0.1246, -0.2002, -0.1214, -0.1588, -0.1872]
Layer 8
	Neuron 1 weight: [-0.3266, -0.1472, -0.1432, -0.0962, -0.1032, -0.1357, -0.1401, -0.13, -0.1289, -0.1514, -0.0792]
	Neuron 2 weight: [-0.2429, -0.103, -0.11, -0.1257, -0.0981, -0.1347, -0.1469, -0.1071, -0.0883, -0.1084, -0.0615]
	Neuron 3 weight: [-0.4213, -0.1566, -0.2234, -0.157, -0.1665, -0.2295, -0.2262, -0.1853, -0.2171, -0.1774, -0.1304]

Total test error = 83.3333% 


--- Execution time: 22.578292846679688 seconds ---
