Execution: python3 ../src/NNDriver.py ../data/iris.csv 80 1000 4 6 8 8 6

Training data set size: 119 
Testing data set size: 30 

Total training iteration executed: 1000
Total training error = 64.7059% 

Neural Network model parameter are as follow:
Layer 0
	Neuron 1 weight: [0.0277, 0.0005, 0.0495, 0.0393, -0.0269]
	Neuron 2 weight: [-0.0464, 0.0197, 0.0205, -0.0453, -0.0142]
	Neuron 3 weight: [-0.0308, 0.003, 0.0006, -0.0131, -0.0369]
	Neuron 4 weight: [-0.0071, 0.0272, 0.0077, -0.0146, 0.0486]
	Neuron 5 weight: [0.0285, 0.0268, 0.0316, 0.0256, -0.0444]
	Neuron 6 weight: [0.0023, 0.0256, -0.0372, -0.0203, 0.0346]
Layer 1
	Neuron 1 weight: [0.0134, 0.0452, 0.0284, -0.016, -0.0416, 0.0217, -0.0259]
	Neuron 2 weight: [0.0537, 0.0065, -0.0014, -0.0378, 0.0172, 0.0385, -0.0031]
	Neuron 3 weight: [0.0417, -0.0021, 0.018, 0.02, -0.0001, -0.0037, 0.0395]
	Neuron 4 weight: [0.0037, 0.0091, -0.0268, -0.0161, 0.0284, 0.0243, 0.0209]
	Neuron 5 weight: [0.0419, 0.0298, 0.0109, 0.012, 0.0198, 0.0362, -0.0087]
	Neuron 6 weight: [-0.0346, -0.0338, 0.0508, 0.0051, 0.0552, 0.0463, 0.0323]
	Neuron 7 weight: [0.0508, 0.0026, -0.0367, -0.0266, -0.0307, 0.0488, 0.0004]
	Neuron 8 weight: [0.0437, 0.01, 0.0234, -0.0295, -0.0383, -0.017, -0.0337]
Layer 2
	Neuron 1 weight: [0.1351, 0.1017, 0.086, 0.0906, 0.1234, 0.0357, 0.1148, 0.1249, 0.0688]
	Neuron 2 weight: [0.1503, 0.0789, 0.116, 0.1003, 0.0874, 0.0754, 0.0854, 0.0623, 0.0669]
	Neuron 3 weight: [0.1779, 0.1077, 0.0963, 0.0284, 0.0632, 0.1175, 0.0467, 0.0234, 0.0732]
	Neuron 4 weight: [0.1164, 0.0699, 0.0836, 0.033, 0.0961, 0.1083, 0.0774, 0.0869, 0.0866]
	Neuron 5 weight: [0.122, 0.0304, 0.0175, 0.0932, 0.0301, 0.0317, 0.0675, 0.0894, 0.0287]
	Neuron 6 weight: [0.2, 0.0386, 0.0461, 0.1036, 0.0708, 0.0377, 0.0758, 0.1087, 0.0926]
	Neuron 7 weight: [0.1579, 0.0407, 0.1182, 0.0372, 0.0786, 0.1044, 0.0958, 0.0616, 0.0934]
	Neuron 8 weight: [0.1503, 0.0571, 0.0289, 0.1073, 0.1118, 0.0454, 0.1098, 0.095, 0.0215]
Layer 3
	Neuron 1 weight: [-0.619, -0.3663, -0.3216, -0.328, -0.3501, -0.3217, -0.363, -0.3276, -0.2885]
	Neuron 2 weight: [-0.6101, -0.3358, -0.3593, -0.3166, -0.3197, -0.2775, -0.389, -0.3593, -0.2941]
	Neuron 3 weight: [-0.6411, -0.3062, -0.3629, -0.3497, -0.3371, -0.2923, -0.31, -0.3432, -0.3234]
	Neuron 4 weight: [-0.6491, -0.2877, -0.3228, -0.3386, -0.2991, -0.3465, -0.3158, -0.3386, -0.367]
	Neuron 5 weight: [-0.6256, -0.3718, -0.31, -0.3394, -0.3559, -0.3242, -0.3483, -0.3117, -0.2929]
	Neuron 6 weight: [-0.6238, -0.3844, -0.3291, -0.3227, -0.3673, -0.2745, -0.3298, -0.2985, -0.3352]
Layer 4
	Neuron 1 weight: [-0.4996, -0.1687, -0.2102, -0.1819, -0.2098, -0.2043, -0.2097]
	Neuron 2 weight: [-0.62, -0.2248, -0.2507, -0.2073, -0.1966, -0.1963, -0.225]
	Neuron 3 weight: [-0.6125, -0.1996, -0.2639, -0.2033, -0.1936, -0.2094, -0.2293]

Total test error = 76.6667% 


--- Execution time: 50.96101903915405 seconds ---
