Execution: python3 ../src/NNDriver.py ../data/iris.csv 80 2000 4 10 10 10 10

Training data set size: 119 
Testing data set size: 30 

Total training iteration executed: 2000
Total training error = 64.7059% 

Neural Network model parameter are as follow:
Layer 0
	Neuron 1 weight: [0.0301, -0.0869, 0.0213, -0.0968, -0.0536]
	Neuron 2 weight: [0.0097, 0.1082, -0.0811, 0.108, 0.0718]
	Neuron 3 weight: [-0.0012, 0.0269, -0.0877, 0.1395, 0.0501]
	Neuron 4 weight: [0.0094, 0.202, -0.1059, 0.2152, 0.2463]
	Neuron 5 weight: [-0.0462, 0.1178, -0.0874, 0.2056, 0.2151]
	Neuron 6 weight: [0.0425, 0.1402, -0.0948, 0.2071, 0.1736]
	Neuron 7 weight: [-0.0422, 0.1692, -0.0451, 0.1413, 0.156]
	Neuron 8 weight: [-0.0376, -0.0126, 0.0613, -0.0544, -0.0326]
	Neuron 9 weight: [-0.0318, 0.0717, -0.0743, 0.1339, 0.1379]
	Neuron 10 weight: [-0.0197, 0.0592, -0.0856, 0.0822, 0.1311]
Layer 1
	Neuron 1 weight: [0.0051, -0.0003, 0.0228, 0.0171, 0.1208, 0.1108, 0.0968, 0.1077, -0.0044, 0.1274, 0.0982]
	Neuron 2 weight: [0.0336, -0.0456, 0.0468, 0.0356, 0.1324, 0.0785, 0.0728, 0.1058, -0.0119, 0.1146, 0.0345]
	Neuron 3 weight: [0.0015, -0.0537, 0.0273, 0.0662, 0.0591, 0.0552, 0.0546, 0.0375, -0.0167, 0.0344, 0.0563]
	Neuron 4 weight: [-0.0065, -0.0235, 0.1029, 0.0785, 0.0908, 0.1277, 0.1353, 0.075, -0.0415, 0.0186, 0.0342]
	Neuron 5 weight: [0.0017, -0.0755, 0.0874, 0.0661, 0.1687, 0.0969, 0.0895, 0.0627, 0.0005, 0.0658, 0.072]
	Neuron 6 weight: [0.056, -0.0539, 0.0493, 0.0239, 0.1544, 0.1473, 0.1058, 0.1108, -0.0189, 0.0768, 0.0482]
	Neuron 7 weight: [0.0691, -0.0734, 0.056, 0.0621, 0.1077, 0.0525, 0.145, 0.1211, -0.025, 0.0445, 0.0571]
	Neuron 8 weight: [-0.0169, -0.0461, 0.0799, 0.0138, 0.1463, 0.1322, 0.0751, 0.1035, -0.0496, 0.0153, 0.0459]
	Neuron 9 weight: [0.0611, 0.0077, 0.0375, 0.0595, 0.1421, 0.1314, 0.1063, 0.0751, -0.0546, 0.0924, 0.0447]
	Neuron 10 weight: [-0.0134, -0.0585, 0.0434, 0.0605, 0.1574, 0.1199, 0.1204, 0.0624, -0.034, 0.0554, 0.0783]
Layer 2
	Neuron 1 weight: [0.2008, 0.1593, 0.1623, 0.1255, 0.0989, 0.1451, 0.0934, 0.0975, 0.0792, 0.0998, 0.0883]
	Neuron 2 weight: [0.1445, 0.1585, 0.1067, 0.0832, 0.147, 0.0732, 0.1728, 0.1567, 0.1595, 0.1037, 0.16]
	Neuron 3 weight: [0.2444, 0.0843, 0.1327, 0.0695, 0.1371, 0.0994, 0.0891, 0.1309, 0.116, 0.1368, 0.1687]
	Neuron 4 weight: [0.1992, 0.1622, 0.1361, 0.0612, 0.1288, 0.1048, 0.1472, 0.1745, 0.103, 0.1067, 0.109]
	Neuron 5 weight: [0.2372, 0.099, 0.1412, 0.1243, 0.1123, 0.1781, 0.1789, 0.0852, 0.1358, 0.131, 0.1273]
	Neuron 6 weight: [0.2369, 0.1751, 0.1185, 0.1458, 0.1206, 0.1733, 0.1635, 0.1025, 0.1207, 0.1243, 0.1727]
	Neuron 7 weight: [0.2552, 0.1578, 0.1322, 0.1199, 0.0988, 0.1603, 0.1735, 0.1006, 0.159, 0.1789, 0.0998]
	Neuron 8 weight: [0.1834, 0.0687, 0.1205, 0.1078, 0.1119, 0.1166, 0.1081, 0.154, 0.0949, 0.142, 0.1552]
	Neuron 9 weight: [0.1939, 0.1455, 0.1454, 0.1008, 0.1601, 0.1335, 0.1536, 0.1259, 0.0795, 0.1027, 0.1087]
	Neuron 10 weight: [0.1965, 0.1546, 0.0799, 0.098, 0.091, 0.1501, 0.0911, 0.159, 0.0767, 0.147, 0.0951]
Layer 3
	Neuron 1 weight: [-0.507, -0.3456, -0.3338, -0.3628, -0.2793, -0.3388, -0.3258, -0.3801, -0.3307, -0.3632, -0.3254]
	Neuron 2 weight: [-0.547, -0.3524, -0.3366, -0.3131, -0.2879, -0.3189, -0.3726, -0.376, -0.3218, -0.333, -0.3068]
	Neuron 3 weight: [-0.5675, -0.3605, -0.2906, -0.354, -0.3415, -0.3395, -0.3001, -0.3899, -0.2908, -0.3083, -0.3136]
	Neuron 4 weight: [-0.5768, -0.2664, -0.298, -0.3484, -0.3646, -0.3656, -0.3406, -0.3479, -0.2842, -0.3496, -0.3176]
	Neuron 5 weight: [-0.5481, -0.339, -0.292, -0.3434, -0.3598, -0.3366, -0.3712, -0.3731, -0.3106, -0.3402, -0.2677]
	Neuron 6 weight: [-0.5435, -0.2845, -0.3587, -0.3231, -0.2887, -0.3827, -0.3624, -0.3303, -0.3544, -0.312, -0.3285]
	Neuron 7 weight: [-0.541, -0.2922, -0.3458, -0.3113, -0.3351, -0.3804, -0.3589, -0.3531, -0.3117, -0.2918, -0.3331]
	Neuron 8 weight: [-0.5659, -0.2809, -0.3402, -0.347, -0.3704, -0.315, -0.3542, -0.3316, -0.3103, -0.294, -0.3527]
	Neuron 9 weight: [-0.5933, -0.3127, -0.3025, -0.2965, -0.3711, -0.3391, -0.3871, -0.2953, -0.306, -0.3697, -0.2843]
	Neuron 10 weight: [-0.5448, -0.373, -0.3128, -0.3033, -0.3156, -0.3087, -0.3233, -0.3868, -0.3073, -0.3226, -0.3626]
Layer 4
	Neuron 1 weight: [-0.6492, 0.0142, 0.0157, -0.0125, 0.0203, 0.0459, -0.0208, 0.0015, -0.0043, -0.0153, -0.0187]
	Neuron 2 weight: [-0.614, -0.2266, -0.2559, -0.2675, -0.2189, -0.2063, -0.2664, -0.2484, -0.2346, -0.2466, -0.2579]
	Neuron 3 weight: [-0.5442, -0.3183, -0.3202, -0.333, -0.3088, -0.2702, -0.3356, -0.343, -0.3282, -0.3177, -0.3466]

Total test error = 76.6667% 


--- Execution time: 144.809916973114 seconds ---
