Execution: python3 ../src/NNDriver.py ../data/iris.csv 80 2000 8 10 8 8 8 8 8 8 10

Training data set size: 119 
Testing data set size: 30 

Total training iteration executed: 2000
Total training error = 64.7059% 

Neural Network model parameter are as follow:
Layer 0
	Neuron 1 weight: [0.0233, -0.0301, -0.0106, 0.0122, 0.022]
	Neuron 2 weight: [0.0487, 0.0483, -0.0016, 0.0066, 0.0442]
	Neuron 3 weight: [-0.0422, -0.0011, -0.0404, 0.014, 0.0282]
	Neuron 4 weight: [0.0249, 0.0066, -0.0387, 0.0175, -0.0009]
	Neuron 5 weight: [0.0427, 0.0348, -0.0194, -0.0228, 0.0191]
	Neuron 6 weight: [0.0151, 0.0107, -0.0083, 0.0372, -0.0069]
	Neuron 7 weight: [-0.0161, 0.0149, 0.0499, 0.0301, -0.0483]
	Neuron 8 weight: [-0.0297, 0.0148, 0.0287, -0.0372, -0.0301]
	Neuron 9 weight: [-0.0227, 0.0102, 0.011, 0.0268, 0.0242]
	Neuron 10 weight: [0.0001, 0.0046, 0.0137, 0.0496, -0.0117]
Layer 1
	Neuron 1 weight: [0.0492, 0.0197, -0.0217, -0.0242, 0.0325, 0.0096, -0.0386, -0.0023, 0.0254, 0.0254, 0.0345]
	Neuron 2 weight: [-0.0175, 0.0282, -0.0362, -0.0258, -0.0028, 0.0139, 0.0157, -0.0381, -0.0321, 0.0014, 0.0442]
	Neuron 3 weight: [-0.0106, 0.0015, -0.0033, -0.0453, 0.0181, 0.0212, -0.0304, 0.015, 0.014, 0.0009, 0.0092]
	Neuron 4 weight: [0.0421, -0.0067, -0.036, -0.0396, 0.0476, -0.004, 0.04, 0.0389, 0.0459, 0.0248, -0.0038]
	Neuron 5 weight: [0.0275, -0.0391, 0.0343, 0.0151, -0.0192, 0.0309, -0.0482, -0.0056, 0.0163, 0.05, 0.0122]
	Neuron 6 weight: [0.0383, -0.0286, 0.0178, 0.0013, 0.0178, 0.001, -0.0394, 0.0288, 0.0262, 0.0094, -0.0094]
	Neuron 7 weight: [-0.0456, -0.0352, -0.0403, 0.0437, -0.0161, -0.0386, -0.038, -0.0116, 0.0337, 0.0033, 0.0222]
	Neuron 8 weight: [0.0376, 0.018, 0.0209, 0.0379, -0.0239, 0.028, -0.0013, -0.0152, -0.0293, 0.0462, 0.0461]
Layer 2
	Neuron 1 weight: [0.0005, -0.0432, 0.0269, -0.0223, -0.0099, 0.0024, -0.0394, 0.0189, -0.0469]
	Neuron 2 weight: [0.035, 0.0329, -0.0157, -0.0078, 0.0414, 0.0369, 0.0408, 0.014, 0.0132]
	Neuron 3 weight: [-0.0119, 0.0312, 0.0474, -0.0446, 0.0407, -0.005, 0.0017, -0.0204, -0.013]
	Neuron 4 weight: [0.0106, 0.0404, -0.0274, 0.0198, -0.0182, 0.0437, 0.0097, -0.0447, -0.0384]
	Neuron 5 weight: [0.0413, -0.0403, -0.0369, 0.0498, 0.0429, -0.0474, 0.0107, -0.0437, 0.0492]
	Neuron 6 weight: [-0.0206, -0.042, -0.0461, 0.0016, 0.0499, 0.0071, -0.0244, -0.0297, 0.0287]
	Neuron 7 weight: [0.0026, 0.0053, 0.0331, -0.0406, 0.0146, 0.0163, -0.0412, -0.0344, -0.0086]
	Neuron 8 weight: [-0.0333, -0.0351, -0.0409, -0.0251, 0.0355, 0.0129, 0.0467, -0.0298, 0.0132]
Layer 3
	Neuron 1 weight: [-0.0116, 0.0355, 0.0099, -0.0146, 0.025, 0.0238, -0.0381, -0.0314, -0.0218]
	Neuron 2 weight: [-0.0179, -0.0278, -0.0218, 0.0313, -0.0231, 0.0393, 0.0333, -0.0397, -0.0316]
	Neuron 3 weight: [0.0028, 0.0328, 0.0299, -0.0452, 0.0473, 0.0289, 0.0315, -0.0074, 0.0296]
	Neuron 4 weight: [0.0102, 0.0099, -0.045, -0.0242, -0.0328, 0.0065, -0.034, 0.0006, 0.004]
	Neuron 5 weight: [0.0102, -0.0267, -0.0288, 0.0091, -0.0161, -0.0194, -0.0149, 0.0469, 0.0188]
	Neuron 6 weight: [-0.0218, -0.0175, 0.0455, 0.0359, -0.0242, 0.0419, 0.0489, 0.042, 0.0379]
	Neuron 7 weight: [-0.0153, 0.0409, 0.0298, 0.0065, -0.025, -0.0466, 0.0415, 0.0433, -0.0271]
	Neuron 8 weight: [-0.0143, -0.038, -0.0479, -0.029, 0.0188, 0.004, -0.0413, -0.0239, 0.0367]
Layer 4
	Neuron 1 weight: [-0.0004, 0.0278, -0.019, -0.0092, 0.0061, -0.0046, -0.0136, -0.0384, 0.019]
	Neuron 2 weight: [-0.0302, -0.0114, 0.0007, -0.0247, 0.0184, -0.0491, 0.0319, -0.037, 0.0271]
	Neuron 3 weight: [-0.0451, 0.0268, -0.0484, -0.0076, 0.0221, 0.0141, -0.0135, -0.0018, -0.0482]
	Neuron 4 weight: [-0.0152, 0.0362, 0.0307, -0.0259, -0.0433, 0.0234, -0.046, 0.0403, 0.0127]
	Neuron 5 weight: [-0.0181, 0.0201, 0.0213, 0.0061, 0.0019, 0.0314, 0.0449, 0.0036, 0.0304]
	Neuron 6 weight: [0.0384, -0.0417, 0.0154, -0.0308, 0.025, -0.0029, -0.0459, 0.0322, 0.0098]
	Neuron 7 weight: [-0.0106, 0.0429, -0.0267, 0.0453, -0.0224, -0.0004, -0.0128, 0.0087, -0.0176]
	Neuron 8 weight: [0.0079, -0.0372, 0.0447, 0.024, -0.0134, 0.0382, -0.0323, 0.0237, 0.0403]
Layer 5
	Neuron 1 weight: [0.0796, 0.0095, -0.0149, -0.0, 0.0595, 0.0299, 0.0629, 0.0064, -0.0049]
	Neuron 2 weight: [0.0403, 0.0635, -0.0225, 0.0163, -0.0105, 0.0316, -0.0001, -0.018, 0.0224]
	Neuron 3 weight: [-0.0137, -0.0279, -0.0147, 0.0464, -0.0172, -0.0071, 0.0164, -0.0109, 0.0427]
	Neuron 4 weight: [0.0375, 0.0126, 0.0141, 0.0203, 0.0167, 0.0213, 0.059, 0.0277, 0.0063]
	Neuron 5 weight: [0.0391, 0.0296, -0.0136, 0.065, 0.0372, 0.0639, 0.0247, 0.0335, 0.0047]
	Neuron 6 weight: [-0.0062, 0.0403, -0.005, 0.0083, -0.0213, 0.036, 0.0204, -0.0042, -0.0168]
	Neuron 7 weight: [0.0434, 0.0649, 0.0465, -0.0186, -0.0193, -0.0129, 0.0502, 0.052, -0.0124]
	Neuron 8 weight: [0.015, -0.0097, 0.0262, 0.0432, 0.0554, 0.0393, 0.0467, -0.029, -0.0097]
Layer 6
	Neuron 1 weight: [0.3166, 0.1367, 0.18, 0.1037, 0.1062, 0.1492, 0.1737, 0.1217, 0.1471]
	Neuron 2 weight: [0.3188, 0.1327, 0.1024, 0.1774, 0.1711, 0.0979, 0.172, 0.1535, 0.1041]
	Neuron 3 weight: [0.2785, 0.0943, 0.0979, 0.0886, 0.1617, 0.1359, 0.1534, 0.1073, 0.1475]
	Neuron 4 weight: [0.3109, 0.1571, 0.1456, 0.1529, 0.115, 0.1439, 0.1937, 0.1993, 0.162]
	Neuron 5 weight: [0.3168, 0.1928, 0.1135, 0.1001, 0.1845, 0.1067, 0.1405, 0.1126, 0.1362]
	Neuron 6 weight: [0.2622, 0.1842, 0.105, 0.1319, 0.1654, 0.193, 0.0932, 0.1265, 0.1036]
	Neuron 7 weight: [0.2798, 0.1593, 0.1302, 0.1549, 0.1303, 0.106, 0.1058, 0.1195, 0.1728]
	Neuron 8 weight: [0.3208, 0.1034, 0.1055, 0.0908, 0.1297, 0.1598, 0.0867, 0.1738, 0.1255]
Layer 7
	Neuron 1 weight: [-0.6588, -0.4146, -0.3936, -0.3379, -0.404, -0.4264, -0.3557, -0.3917, -0.3973]
	Neuron 2 weight: [-0.7207, -0.4225, -0.3651, -0.3475, -0.3659, -0.361, -0.4062, -0.3998, -0.3598]
	Neuron 3 weight: [-0.7189, -0.3746, -0.3676, -0.3814, -0.3739, -0.4156, -0.3352, -0.3857, -0.3919]
	Neuron 4 weight: [-0.6577, -0.42, -0.434, -0.3606, -0.3913, -0.3863, -0.393, -0.357, -0.371]
	Neuron 5 weight: [-0.7093, -0.4247, -0.346, -0.4225, -0.3539, -0.3605, -0.3487, -0.3999, -0.3788]
	Neuron 6 weight: [-0.6525, -0.3497, -0.3822, -0.3624, -0.4367, -0.3832, -0.3773, -0.4152, -0.4139]
	Neuron 7 weight: [-0.6479, -0.3641, -0.353, -0.375, -0.4505, -0.4301, -0.3915, -0.4189, -0.3445]
	Neuron 8 weight: [-0.7041, -0.3706, -0.4188, -0.3388, -0.4196, -0.3721, -0.3974, -0.3589, -0.3655]
	Neuron 9 weight: [-0.6466, -0.4286, -0.4004, -0.3682, -0.4509, -0.3993, -0.3753, -0.3657, -0.341]
	Neuron 10 weight: [-0.6767, -0.3771, -0.381, -0.3644, -0.4566, -0.3548, -0.421, -0.3583, -0.3715]
Layer 8
	Neuron 1 weight: [-0.6537, -0.1942, -0.1614, -0.188, -0.1775, -0.2209, -0.1965, -0.1791, -0.1906, -0.1747, -0.1773]
	Neuron 2 weight: [-0.5217, -0.1578, -0.1495, -0.1753, -0.1811, -0.1957, -0.1991, -0.1836, -0.1921, -0.1815, -0.1564]
	Neuron 3 weight: [-0.6202, -0.1665, -0.1523, -0.1728, -0.185, -0.203, -0.2106, -0.1985, -0.1813, -0.1994, -0.1772]

Total test error = 73.3333% 


--- Execution time: 221.45030188560486 seconds ---
