Execution: python3 ../src/NNDriver.py ../data/iris.csv 80 2000 8 15 10 10 10 10 10 10 15

Training data set size: 119 
Testing data set size: 30 

Total training iteration executed: 2000
Total training error = 63.0252% 

Neural Network model parameter are as follow:
Layer 0
	Neuron 1 weight: [-0.0195, -0.0047, 0.0086, 0.0431, -0.0408]
	Neuron 2 weight: [-0.0369, 0.0153, -0.0055, -0.0228, 0.0255]
	Neuron 3 weight: [0.0261, -0.0425, 0.0216, 0.0184, 0.05]
	Neuron 4 weight: [0.0181, -0.0074, 0.0306, 0.0253, -0.0122]
	Neuron 5 weight: [-0.025, -0.0452, 0.0039, 0.0005, -0.0222]
	Neuron 6 weight: [-0.0006, 0.0235, -0.0079, -0.0141, 0.0268]
	Neuron 7 weight: [0.0108, -0.0435, 0.0023, 0.0242, -0.0151]
	Neuron 8 weight: [0.0263, -0.0207, -0.0253, 0.0285, -0.0332]
	Neuron 9 weight: [-0.008, -0.0152, -0.0081, 0.0048, -0.0315]
	Neuron 10 weight: [0.0442, 0.0078, -0.0003, -0.0482, 0.0372]
	Neuron 11 weight: [-0.0149, -0.0269, -0.0045, 0.0043, 0.0366]
	Neuron 12 weight: [0.0398, -0.0141, 0.0443, -0.0018, 0.0228]
	Neuron 13 weight: [-0.0025, -0.0315, 0.0129, 0.0208, 0.0146]
	Neuron 14 weight: [0.0402, -0.002, -0.0226, -0.0305, 0.0158]
	Neuron 15 weight: [0.0258, 0.0217, -0.0222, -0.0494, -0.0298]
Layer 1
	Neuron 1 weight: [-0.032, 0.0072, 0.0306, 0.0235, 0.0225, 0.0328, -0.0415, 0.0308, -0.0361, -0.0389, 0.0307, 0.0306, -0.0264, 0.0035, 0.0431, 0.0191]
	Neuron 2 weight: [0.0126, -0.0422, -0.0358, -0.0149, -0.0064, -0.0042, 0.0176, 0.0099, -0.0398, -0.0123, -0.002, -0.0498, -0.0241, -0.0176, 0.038, 0.0421]
	Neuron 3 weight: [-0.0088, 0.0122, 0.0063, 0.0416, -0.0039, 0.0345, -0.0249, -0.0413, -0.0002, 0.038, 0.0216, -0.0036, 0.0232, 0.0263, 0.0094, 0.0095]
	Neuron 4 weight: [-0.0172, 0.0089, -0.0061, 0.0293, 0.0043, -0.0058, -0.0245, 0.0404, -0.0192, -0.0102, -0.0215, 0.0048, -0.0183, 0.0218, 0.0366, 0.025]
	Neuron 5 weight: [0.0167, -0.045, -0.0371, -0.0467, 0.0428, 0.0114, -0.0225, -0.0482, -0.05, 0.0491, -0.0051, -0.0426, -0.001, 0.0041, 0.0496, -0.03]
	Neuron 6 weight: [0.0153, 0.0481, -0.0217, 0.006, -0.0455, 0.0193, -0.008, -0.038, 0.0047, 0.0443, 0.0267, 0.0027, 0.03, 0.0293, -0.0205, -0.007]
	Neuron 7 weight: [0.0209, 0.0246, 0.0496, -0.0112, 0.0126, 0.0488, -0.0442, 0.0192, -0.0081, 0.0349, -0.0441, 0.0067, 0.0498, -0.0133, -0.0441, 0.0286]
	Neuron 8 weight: [0.0041, -0.0271, -0.0143, -0.0426, 0.0278, 0.0129, -0.0247, -0.0277, -0.0371, 0.0211, -0.0126, 0.0118, 0.0015, 0.047, -0.0198, -0.0422]
	Neuron 9 weight: [0.0116, -0.0072, 0.0202, -0.0183, -0.0059, -0.0021, 0.0287, 0.0444, 0.0435, 0.0193, -0.0381, -0.0386, -0.0137, 0.0396, 0.0216, -0.0462]
	Neuron 10 weight: [0.0348, 0.0426, 0.021, 0.0394, 0.0248, 0.0235, -0.0154, -0.0033, -0.0215, -0.0427, -0.0367, 0.005, 0.0453, 0.0301, -0.0434, 0.0287]
Layer 2
	Neuron 1 weight: [-0.0062, 0.0327, 0.006, -0.004, 0.0073, 0.028, -0.0126, -0.046, 0.0195, 0.0486, -0.0049]
	Neuron 2 weight: [0.0381, -0.0395, -0.0004, 0.0182, 0.0079, 0.0217, -0.0032, 0.0205, 0.0249, -0.0077, -0.0006]
	Neuron 3 weight: [0.0375, 0.0289, -0.0474, -0.0241, -0.0439, -0.0311, -0.0358, 0.0026, -0.0461, 0.012, 0.0486]
	Neuron 4 weight: [-0.0469, -0.0166, 0.0053, -0.0085, -0.0468, 0.0053, 0.0137, -0.0123, 0.0291, 0.0047, -0.014]
	Neuron 5 weight: [0.0414, -0.029, 0.0195, 0.0422, -0.0116, -0.0408, -0.0442, 0.0487, -0.0143, 0.0035, -0.0225]
	Neuron 6 weight: [-0.0217, 0.0253, 0.0091, -0.0457, 0.0327, -0.0187, -0.015, -0.007, 0.0391, -0.0403, 0.0168]
	Neuron 7 weight: [0.0458, 0.0349, 0.0083, -0.0384, -0.0338, -0.0116, 0.014, 0.0277, 0.0469, 0.0032, 0.0325]
	Neuron 8 weight: [-0.0308, -0.0233, -0.0475, -0.0365, -0.0485, -0.0062, 0.0471, -0.0066, 0.047, -0.0288, 0.0187]
	Neuron 9 weight: [0.0155, 0.033, 0.0329, 0.0497, -0.0103, 0.0091, 0.0018, -0.0101, -0.0362, -0.0092, -0.0217]
	Neuron 10 weight: [0.0319, -0.012, -0.0257, 0.0416, -0.0053, -0.0112, 0.0459, 0.0173, 0.0435, -0.0449, -0.0498]
Layer 3
	Neuron 1 weight: [0.011, 0.0004, -0.0132, 0.0461, -0.0072, 0.0396, -0.0494, 0.0253, -0.0348, 0.0464, -0.0208]
	Neuron 2 weight: [0.0394, -0.0007, 0.0405, 0.0056, -0.026, -0.027, -0.0369, 0.0142, -0.0413, -0.0258, -0.0336]
	Neuron 3 weight: [0.0049, -0.0112, 0.0315, 0.0098, -0.0071, 0.0213, -0.0242, 0.0274, 0.0008, -0.0416, -0.0268]
	Neuron 4 weight: [-0.0302, 0.0375, 0.0481, 0.025, 0.0254, -0.011, 0.0445, -0.0346, 0.0017, 0.0163, 0.0187]
	Neuron 5 weight: [-0.0451, 0.0479, 0.0452, 0.0339, 0.0195, 0.0171, -0.0389, 0.0065, 0.047, -0.0292, 0.0431]
	Neuron 6 weight: [0.0494, -0.0092, 0.0223, 0.0457, 0.0307, -0.0439, 0.0362, 0.0338, -0.0363, 0.0333, 0.0353]
	Neuron 7 weight: [-0.0119, -0.0127, 0.042, -0.0164, -0.0131, 0.0168, 0.0404, -0.0348, 0.0426, -0.0151, -0.0021]
	Neuron 8 weight: [-0.0339, 0.0361, -0.011, 0.0192, -0.0283, 0.0172, -0.0348, 0.0045, 0.0041, -0.016, 0.04]
	Neuron 9 weight: [-0.0179, 0.0267, 0.0471, -0.0329, 0.0129, -0.0007, -0.0004, 0.0056, -0.0207, -0.0352, 0.0233]
	Neuron 10 weight: [0.0065, -0.047, 0.0138, 0.0364, 0.0341, 0.0115, 0.0019, 0.0318, -0.0389, 0.0408, -0.0478]
Layer 4
	Neuron 1 weight: [-0.0211, -0.0193, 0.0149, -0.0189, -0.0278, 0.0201, 0.0137, 0.0045, 0.0506, 0.0426, 0.0333]
	Neuron 2 weight: [-0.0108, 0.0134, -0.0427, 0.0309, -0.0387, -0.0041, 0.025, 0.0159, 0.0459, 0.0158, -0.0435]
	Neuron 3 weight: [0.0277, 0.0026, -0.0385, -0.0183, 0.0486, 0.0373, 0.0289, -0.0461, 0.028, 0.016, 0.0177]
	Neuron 4 weight: [-0.0416, 0.0343, -0.0059, 0.0012, -0.02, -0.0063, 0.02, 0.0164, -0.0275, -0.0145, 0.0076]
	Neuron 5 weight: [0.0024, -0.011, 0.0414, 0.0105, -0.0342, 0.0272, -0.0462, -0.0145, 0.0041, -0.0426, 0.006]
	Neuron 6 weight: [0.0472, -0.048, -0.0227, -0.0053, 0.0189, 0.0347, 0.0309, -0.024, 0.0181, -0.0011, 0.0365]
	Neuron 7 weight: [-0.0218, -0.02, -0.0029, -0.0016, -0.0474, -0.0182, -0.0132, -0.0231, -0.0026, 0.0159, -0.017]
	Neuron 8 weight: [0.0003, 0.0105, -0.0221, 0.0203, 0.0469, 0.035, 0.0261, 0.0115, -0.047, 0.0164, 0.0214]
	Neuron 9 weight: [-0.0458, 0.0224, -0.0375, 0.032, 0.0242, 0.0288, -0.0124, -0.0302, -0.049, -0.0098, -0.0096]
	Neuron 10 weight: [0.0113, -0.0244, -0.0217, 0.0263, -0.0274, -0.0164, 0.0198, 0.0369, 0.0233, 0.0137, 0.0498]
Layer 5
	Neuron 1 weight: [0.0583, 0.0188, -0.0254, 0.0152, -0.0089, -0.0115, 0.0595, 0.0287, 0.0198, -0.0033, 0.0066]
	Neuron 2 weight: [0.0201, 0.0355, -0.0015, 0.0077, 0.0682, 0.0719, -0.017, 0.0788, 0.0526, -0.002, 0.0747]
	Neuron 3 weight: [0.0561, 0.031, 0.0634, 0.0306, 0.0749, 0.0161, -0.0004, 0.0162, 0.0666, -0.0122, -0.0037]
	Neuron 4 weight: [0.0325, 0.0627, -0.0094, 0.0261, 0.0676, 0.0002, 0.0678, 0.0307, 0.0419, 0.059, -0.0156]
	Neuron 5 weight: [0.076, 0.0461, 0.0381, 0.0265, 0.0628, 0.0292, 0.0368, 0.0183, 0.0534, 0.076, 0.0496]
	Neuron 6 weight: [0.0082, 0.0571, -0.0088, 0.0447, 0.0358, 0.0205, 0.0243, 0.0707, 0.0335, 0.0219, -0.0182]
	Neuron 7 weight: [0.072, 0.0489, 0.0645, 0.0318, 0.0671, 0.0633, -0.0233, 0.071, 0.0275, 0.0014, 0.0527]
	Neuron 8 weight: [0.0427, 0.0517, -0.023, 0.0457, 0.0658, 0.064, 0.0557, 0.0591, 0.0143, 0.0343, 0.0054]
	Neuron 9 weight: [0.0968, 0.042, 0.0127, 0.0465, 0.0328, -0.0007, -0.0021, 0.0197, 0.0803, 0.0594, 0.0084]
	Neuron 10 weight: [0.0358, 0.0021, 0.0625, 0.0308, 0.0611, 0.0551, -0.0091, 0.0175, 0.0099, 0.0285, 0.0771]
Layer 6
	Neuron 1 weight: [0.2828, 0.1881, 0.1969, 0.2075, 0.1343, 0.1465, 0.1202, 0.1797, 0.122, 0.205, 0.1529]
	Neuron 2 weight: [0.2795, 0.1392, 0.1621, 0.1762, 0.1673, 0.1748, 0.1505, 0.0976, 0.1138, 0.1533, 0.1032]
	Neuron 3 weight: [0.2663, 0.1118, 0.1246, 0.1314, 0.1893, 0.1491, 0.1769, 0.1948, 0.1906, 0.1631, 0.162]
	Neuron 4 weight: [0.313, 0.1588, 0.2002, 0.119, 0.1602, 0.1932, 0.1681, 0.1834, 0.1868, 0.2017, 0.1672]
	Neuron 5 weight: [0.3143, 0.1436, 0.1021, 0.1783, 0.1566, 0.1836, 0.1007, 0.1054, 0.127, 0.1294, 0.1258]
	Neuron 6 weight: [0.2702, 0.1664, 0.1636, 0.1999, 0.1199, 0.1148, 0.1893, 0.1424, 0.1369, 0.1589, 0.2049]
	Neuron 7 weight: [0.3227, 0.1293, 0.1684, 0.1291, 0.1042, 0.1479, 0.1285, 0.1704, 0.1808, 0.1783, 0.201]
	Neuron 8 weight: [0.2455, 0.1062, 0.1644, 0.1543, 0.1696, 0.1756, 0.1446, 0.1017, 0.1129, 0.1862, 0.179]
	Neuron 9 weight: [0.215, 0.1477, 0.1767, 0.0887, 0.153, 0.1788, 0.1179, 0.1382, 0.1653, 0.1018, 0.0882]
	Neuron 10 weight: [0.3203, 0.1143, 0.166, 0.1932, 0.1222, 0.1368, 0.1869, 0.1786, 0.1262, 0.1995, 0.1305]
Layer 7
	Neuron 1 weight: [-0.5658, -0.3448, -0.3594, -0.2762, -0.3341, -0.3255, -0.3418, -0.3413, -0.2983, -0.2857, -0.3686]
	Neuron 2 weight: [-0.5905, -0.3425, -0.29, -0.2842, -0.3927, -0.3484, -0.3347, -0.3202, -0.3279, -0.2762, -0.3088]
	Neuron 3 weight: [-0.5281, -0.3293, -0.3351, -0.3544, -0.3447, -0.3291, -0.3683, -0.2887, -0.2807, -0.3342, -0.3708]
	Neuron 4 weight: [-0.5958, -0.3282, -0.2912, -0.3104, -0.3442, -0.2752, -0.3421, -0.3575, -0.3665, -0.2729, -0.3435]
	Neuron 5 weight: [-0.5549, -0.3557, -0.304, -0.3458, -0.3543, -0.3274, -0.2936, -0.353, -0.3622, -0.2934, -0.3014]
	Neuron 6 weight: [-0.5536, -0.3288, -0.3385, -0.3659, -0.3207, -0.3058, -0.3635, -0.3075, -0.2843, -0.3426, -0.3318]
	Neuron 7 weight: [-0.588, -0.3157, -0.3263, -0.3045, -0.3345, -0.2995, -0.3357, -0.3332, -0.3098, -0.3544, -0.3281]
	Neuron 8 weight: [-0.6064, -0.3195, -0.2907, -0.3069, -0.3682, -0.3013, -0.3248, -0.3135, -0.3652, -0.2892, -0.3283]
	Neuron 9 weight: [-0.5479, -0.3708, -0.2782, -0.3175, -0.3637, -0.3515, -0.347, -0.3071, -0.3154, -0.3023, -0.3452]
	Neuron 10 weight: [-0.5639, -0.3713, -0.3788, -0.2934, -0.3473, -0.3444, -0.3021, -0.3533, -0.2894, -0.2925, -0.3064]
	Neuron 11 weight: [-0.5416, -0.3345, -0.3003, -0.2835, -0.3866, -0.3137, -0.3273, -0.3709, -0.3658, -0.2743, -0.3514]
	Neuron 12 weight: [-0.5523, -0.3597, -0.2957, -0.3618, -0.3191, -0.2988, -0.3601, -0.3725, -0.3156, -0.2682, -0.348]
	Neuron 13 weight: [-0.5398, -0.3962, -0.3111, -0.3721, -0.3135, -0.3187, -0.3066, -0.3258, -0.312, -0.305, -0.3411]
	Neuron 14 weight: [-0.5519, -0.3527, -0.2883, -0.3019, -0.3783, -0.3114, -0.3494, -0.3767, -0.2874, -0.327, -0.3213]
	Neuron 15 weight: [-0.5234, -0.3477, -0.2797, -0.3736, -0.323, -0.3237, -0.3594, -0.3419, -0.2907, -0.3341, -0.3632]
Layer 8
	Neuron 1 weight: [-0.4621, -0.1545, -0.1679, -0.1066, -0.1225, -0.1212, -0.1339, -0.1548, -0.1477, -0.1342, -0.1111, -0.14, -0.1017, -0.1403, -0.1172, -0.1503]
	Neuron 2 weight: [-0.755, -0.157, -0.2121, -0.134, -0.1763, -0.1757, -0.1716, -0.1803, -0.1763, -0.1594, -0.168, -0.151, -0.1687, -0.189, -0.1895, -0.1648]
	Neuron 3 weight: [-0.564, -0.1729, -0.1887, -0.1304, -0.1466, -0.1352, -0.158, -0.1849, -0.171, -0.1698, -0.1512, -0.142, -0.1366, -0.1489, -0.1603, -0.1596]

Total test error = 83.3333% 


--- Execution time: 549.8487768173218 seconds ---
