Execution: python3 ../src/NNDriver.py ../data/iris.csv 80 200 4 6 8 8 6

Training data set size: 119 
Testing data set size: 30 

Total training iteration executed: 200
Total training error = 63.0252% 

Neural Network model parameter are as follow:
Layer 0
	Neuron 1 weight: [-0.0057, -0.0128, -0.024, 0.0062, 0.0265]
	Neuron 2 weight: [0.0305, -0.0141, -0.0307, 0.0058, -0.0459]
	Neuron 3 weight: [0.0166, -0.0495, -0.0401, 0.0415, 0.0162]
	Neuron 4 weight: [0.019, 0.0197, 0.0149, -0.0385, -0.0344]
	Neuron 5 weight: [-0.0483, -0.0474, 0.0246, -0.0194, 0.0104]
	Neuron 6 weight: [-0.0275, 0.0247, -0.0191, -0.0258, -0.0148]
Layer 1
	Neuron 1 weight: [-0.0197, -0.0154, -0.0477, -0.0499, 0.0305, -0.0231, -0.0001]
	Neuron 2 weight: [-0.0361, -0.0431, 0.0263, -0.0291, 0.0421, 0.0204, -0.0311]
	Neuron 3 weight: [-0.015, 0.045, 0.042, 0.0062, -0.0423, -0.0082, 0.0401]
	Neuron 4 weight: [0.0361, 0.011, -0.0068, 0.0322, -0.0345, -0.0471, -0.0473]
	Neuron 5 weight: [0.0359, -0.0309, 0.03, 0.0318, -0.0452, 0.0395, -0.0052]
	Neuron 6 weight: [0.0402, 0.0455, 0.0045, 0.0408, 0.0178, -0.0494, 0.031]
	Neuron 7 weight: [-0.0419, -0.0369, -0.0349, 0.0271, -0.0349, -0.0052, 0.0245]
	Neuron 8 weight: [0.0451, -0.0204, -0.0435, 0.0312, -0.0106, -0.0116, 0.0467]
Layer 2
	Neuron 1 weight: [0.024, 0.0357, 0.0335, -0.0156, 0.057, -0.0091, -0.0125, 0.0554, 0.0535]
	Neuron 2 weight: [0.0062, -0.0148, 0.0328, 0.0164, -0.0147, 0.0062, 0.0023, 0.0138, 0.0502]
	Neuron 3 weight: [0.0562, -0.0135, 0.0064, 0.0581, 0.0476, 0.0069, -0.0215, 0.0629, -0.0289]
	Neuron 4 weight: [0.0163, -0.0075, 0.0211, 0.0288, 0.0583, 0.0077, -0.0305, -0.0221, 0.0215]
	Neuron 5 weight: [0.0838, -0.0334, -0.0273, 0.0238, 0.0217, 0.013, 0.0638, 0.0599, 0.0203]
	Neuron 6 weight: [0.0217, 0.0108, -0.0173, 0.0195, 0.0364, -0.0043, 0.0262, 0.052, 0.0333]
	Neuron 7 weight: [0.0337, -0.0041, 0.0424, 0.0594, -0.0175, -0.0174, 0.04, 0.0565, 0.009]
	Neuron 8 weight: [0.0297, -0.0242, 0.0651, -0.0155, 0.0288, 0.049, -0.0074, -0.0217, -0.021]
Layer 3
	Neuron 1 weight: [-0.3078, -0.1921, -0.1918, -0.1613, -0.1235, -0.1446, -0.1748, -0.1901, -0.1814]
	Neuron 2 weight: [-0.3238, -0.1742, -0.1481, -0.1248, -0.177, -0.1714, -0.1982, -0.1396, -0.1111]
	Neuron 3 weight: [-0.3111, -0.1226, -0.1896, -0.1149, -0.1556, -0.1879, -0.1583, -0.1646, -0.1732]
	Neuron 4 weight: [-0.3395, -0.1898, -0.1266, -0.2022, -0.123, -0.139, -0.1187, -0.1958, -0.1095]
	Neuron 5 weight: [-0.3287, -0.1208, -0.1328, -0.1451, -0.163, -0.1688, -0.1246, -0.2053, -0.1539]
	Neuron 6 weight: [-0.2948, -0.1805, -0.1176, -0.1921, -0.1913, -0.1228, -0.1405, -0.119, -0.1822]
Layer 4
	Neuron 1 weight: [-0.4202, -0.2292, -0.1739, -0.1725, -0.194, -0.1957, -0.169]
	Neuron 2 weight: [-0.35, -0.1418, -0.1295, -0.1574, -0.1877, -0.176, -0.1641]
	Neuron 3 weight: [-0.4326, -0.1879, -0.1868, -0.2377, -0.1976, -0.224, -0.1723]

Total test error = 80.0000% 


--- Execution time: 9.994732141494751 seconds ---
