Training data set size: 119 
Testing data set size: 30 

Total training iteration executed: 6345
Total training error = 0.8403% 

Neural Network model parameter are as follow:
Layer 0
	Neuron 1 weight: [-0.0922, 0.7573, 0.0619, -1.2167, -0.4687]
	Neuron 2 weight: [-0.0671, 1.392, -0.3776, -1.594, -0.4595]
	Neuron 3 weight: [-0.3948, -1.0741, 1.6577, -0.8523, -0.635]
	Neuron 4 weight: [-0.3495, 0.4134, 0.7372, -1.2041, -0.4876]
	Neuron 5 weight: [-3.6468, -1.1494, 0.1343, 4.0052, 2.0628]
	Neuron 6 weight: [-0.4452, -0.0171, 1.1139, -1.1563, -0.5127]
Layer 1
	Neuron 1 weight: [-1.041, 0.6304, 0.6575, 0.7577, 0.742, -1.6141, 0.7434]
	Neuron 2 weight: [-1.2553, 0.7214, 0.8504, 1.0522, 0.8518, -1.9686, 0.8589]
	Neuron 3 weight: [-1.2967, 0.7558, 0.8827, 1.0438, 0.8495, -2.0182, 0.945]
	Neuron 4 weight: [-1.185, 0.721, 0.8202, 1.0362, 0.8117, -1.9699, 0.9028]
	Neuron 5 weight: [-1.3044, 0.6851, 0.9107, 1.0021, 0.8979, -2.0042, 0.9213]
	Neuron 6 weight: [-1.274, 0.7486, 0.9969, 1.1353, 0.9255, -2.1436, 0.9616]
	Neuron 7 weight: [-1.3356, 0.7278, 0.954, 1.1732, 0.9232, -2.1663, 0.9959]
	Neuron 8 weight: [-1.1687, 0.6572, 0.8082, 0.9553, 0.8242, -1.8799, 0.8337]
Layer 2
	Neuron 1 weight: [-2.5824, 0.8249, 1.1995, 1.2514, 1.1442, 1.2118, 1.4182, 1.5113, 1.0425]
	Neuron 2 weight: [-2.8339, 0.5479, 0.8797, 1.0086, 0.828, 0.9121, 1.1609, 1.2131, 0.7578]
	Neuron 3 weight: [-3.6772, 0.3294, 0.6784, 0.8332, 0.6354, 0.8188, 0.9021, 1.0531, 0.5897]
	Neuron 4 weight: [-2.9323, 0.4055, 0.7349, 0.8462, 0.7326, 0.8261, 0.9629, 1.0663, 0.6211]
	Neuron 5 weight: [-3.9404, 0.3381, 0.7866, 0.8215, 0.6492, 0.8312, 0.984, 1.0434, 0.5864]
	Neuron 6 weight: [-2.5974, 0.8445, 1.1655, 1.2309, 1.1802, 1.2168, 1.458, 1.4236, 1.0666]
	Neuron 7 weight: [-3.6736, 0.3079, 0.7419, 0.7843, 0.7081, 0.7901, 0.8851, 1.0083, 0.5881]
	Neuron 8 weight: [-2.7298, 0.5932, 0.8811, 0.9245, 0.8893, 0.9455, 1.062, 1.1341, 0.7969]
Layer 3
	Neuron 1 weight: [2.9654, -1.958, -1.8106, -1.6984, -1.6051, -1.6876, -1.9458, -1.6458, -1.6923]
	Neuron 2 weight: [2.7416, -1.8431, -1.6753, -1.6174, -1.5131, -1.6999, -1.814, -1.601, -1.596]
	Neuron 3 weight: [3.0133, -1.9209, -1.8239, -1.7878, -1.6509, -1.8124, -1.9591, -1.739, -1.7211]
	Neuron 4 weight: [4.1442, -0.0566, -0.7175, -1.4899, -0.8034, -1.8036, -0.11, -1.5542, -0.5742]
	Neuron 5 weight: [5.9378, -0.1409, -0.9007, -2.0509, -1.1106, -2.3593, -0.1728, -2.014, -0.8216]
	Neuron 6 weight: [1.6904, -1.1022, -1.1098, -1.0747, -0.9338, -1.0941, -1.1591, -1.073, -0.9866]
Layer 4
	Neuron 1 weight: [4.0585, -2.9154, -2.9548, -2.8775, -4.269, -4.8136, -3.1933]
	Neuron 2 weight: [-3.9366, -3.8115, -3.4309, -4.0134, 3.2102, 5.928, -0.8375]
	Neuron 3 weight: [-7.4335, 3.31, 3.1937, 3.2845, 1.3813, 1.0138, 2.484]

Total test error = 3.3333% 


--- Execution time: 427.2683503627777 seconds ---
