Training data set size: 119 
Testing data set size: 30 

Total training iteration executed: 3142
Total training error = 0.8403% 

Neural Network model parameter are as follow:
Layer 0
	Neuron 1 weight: [0.0867, 0.087, 0.2719, -0.6717, -0.9305]
	Neuron 2 weight: [-0.1078, 0.0539, 0.5953, -0.6637, -0.9135]
	Neuron 3 weight: [-0.6757, -0.5629, 0.2874, 0.995, 1.3936]
	Neuron 4 weight: [-0.0424, 0.052, 0.5063, -0.6433, -0.9321]
	Neuron 5 weight: [-0.0871, -0.1995, 0.14, -0.1839, -0.2529]
	Neuron 6 weight: [0.0443, -0.0436, 0.2024, -0.6291, -0.8334]
	Neuron 7 weight: [-0.2746, 0.0206, 1.2281, -0.6954, -1.0602]
	Neuron 8 weight: [-0.0986, -0.0279, 0.624, -0.6114, -0.9079]
	Neuron 9 weight: [0.088, -0.0197, 0.1768, -0.629, -0.8743]
	Neuron 10 weight: [0.0141, -0.1479, 0.0992, -0.1113, -0.0364]
Layer 1
	Neuron 1 weight: [-1.1533, 0.6365, 0.6804, -1.7409, 0.5694, 0.0199, 0.4493, 0.9195, 0.6216, 0.5154, -0.0399]
	Neuron 2 weight: [-1.0503, 0.616, 0.6152, -1.652, 0.5243, -0.0049, 0.456, 0.8505, 0.597, 0.4508, -0.0732]
	Neuron 3 weight: [-1.0682, 0.5523, 0.6508, -1.5807, 0.6159, -0.0325, 0.3724, 0.8602, 0.5741, 0.4351, -0.1093]
	Neuron 4 weight: [-1.0361, 0.5935, 0.6003, -1.5557, 0.5782, 0.0257, 0.457, 0.7394, 0.4976, 0.4961, -0.084]
	Neuron 5 weight: [-0.9081, 0.4508, 0.5452, -1.295, 0.5263, -0.0042, 0.3236, 0.683, 0.4167, 0.3476, -0.0643]
	Neuron 6 weight: [-0.4383, 0.2723, 0.2717, -0.6591, 0.2956, 0.0077, 0.2168, 0.3965, 0.2677, 0.2111, -0.0147]
	Neuron 7 weight: [-1.1255, 0.5684, 0.5981, -1.6035, 0.6212, 0.0498, 0.4628, 0.8871, 0.5607, 0.4092, -0.0531]
	Neuron 8 weight: [-0.9583, 0.4827, 0.575, -1.4601, 0.4807, -0.0353, 0.3608, 0.7652, 0.504, 0.4338, -0.0576]
	Neuron 9 weight: [-0.7782, 0.4202, 0.4469, -1.2156, 0.3931, -0.0076, 0.2955, 0.6469, 0.4455, 0.3331, -0.0974]
	Neuron 10 weight: [-1.0265, 0.5674, 0.6337, -1.64, 0.568, 0.0011, 0.4396, 0.8102, 0.5728, 0.4512, -0.0637]
Layer 2
	Neuron 1 weight: [-2.1892, 0.7245, 0.6462, 0.5908, 0.5713, 0.3485, 0.0406, 0.6477, 0.4212, 0.2829, 0.6246]
	Neuron 2 weight: [-2.2574, 0.8106, 0.6359, 0.6422, 0.5131, 0.3839, -0.0558, 0.6688, 0.4457, 0.2649, 0.5691]
	Neuron 3 weight: [-2.1648, 0.7794, 0.682, 0.5585, 0.5572, 0.3259, -0.0178, 0.5962, 0.465, 0.3056, 0.5723]
	Neuron 4 weight: [-1.7857, 0.7202, 0.6217, 0.6048, 0.5412, 0.4176, 0.0244, 0.6254, 0.4658, 0.3238, 0.5863]
	Neuron 5 weight: [-1.8863, 0.6827, 0.5689, 0.5554, 0.5673, 0.3473, 0.0107, 0.6314, 0.4524, 0.2507, 0.5831]
	Neuron 6 weight: [-2.4843, 0.8285, 0.6517, 0.6462, 0.6158, 0.3489, -0.025, 0.6596, 0.4955, 0.3099, 0.6434]
	Neuron 7 weight: [-2.2009, 0.8123, 0.678, 0.6073, 0.586, 0.3231, -0.0368, 0.638, 0.5017, 0.2595, 0.6152]
	Neuron 8 weight: [-2.286, 0.8171, 0.6436, 0.6512, 0.5244, 0.371, 0.0153, 0.6436, 0.4533, 0.2638, 0.6301]
	Neuron 9 weight: [-2.2293, 0.7654, 0.6145, 0.6126, 0.5813, 0.3945, -0.0049, 0.6345, 0.4821, 0.2465, 0.6338]
	Neuron 10 weight: [-1.8536, 0.7133, 0.6124, 0.5761, 0.5851, 0.3402, 0.0604, 0.6234, 0.4269, 0.295, 0.6634]
Layer 3
	Neuron 1 weight: [2.4055, -0.4721, -0.5289, -0.4679, -0.1849, -0.2617, -0.6858, -0.459, -0.5205, -0.5035, -0.2111]
	Neuron 2 weight: [1.3381, -0.8663, -0.819, -0.7561, -0.7319, -0.6889, -0.9527, -0.824, -0.8482, -0.863, -0.7099]
	Neuron 3 weight: [1.332, -0.5971, -0.6254, -0.5973, -0.491, -0.4823, -0.7123, -0.6637, -0.6216, -0.6249, -0.4962]
	Neuron 4 weight: [1.2385, -0.7407, -0.8078, -0.7313, -0.6342, -0.6499, -0.9183, -0.83, -0.8581, -0.7956, -0.6699]
	Neuron 5 weight: [1.3585, -0.774, -0.8295, -0.7973, -0.7407, -0.6634, -0.9525, -0.8488, -0.8755, -0.849, -0.7329]
	Neuron 6 weight: [2.3757, -0.49, -0.5265, -0.4589, -0.1634, -0.3057, -0.615, -0.4777, -0.5429, -0.4686, -0.2382]
	Neuron 7 weight: [1.5486, -0.4279, -0.5476, -0.4781, -0.3064, -0.3946, -0.5993, -0.4903, -0.4922, -0.5274, -0.3889]
	Neuron 8 weight: [1.2935, -0.5648, -0.5952, -0.518, -0.4764, -0.4739, -0.7306, -0.6217, -0.5754, -0.5689, -0.5005]
	Neuron 9 weight: [1.4874, -0.4756, -0.5217, -0.5395, -0.4264, -0.4428, -0.6074, -0.5336, -0.5763, -0.564, -0.3643]
	Neuron 10 weight: [1.4744, -0.8953, -0.875, -0.8797, -0.7243, -0.7138, -1.0139, -0.8474, -0.9256, -0.8501, -0.7631]
Layer 4
	Neuron 1 weight: [3.3856, -2.6467, -2.2451, -2.4178, -2.2401, -2.3312, -2.6466, -2.4563, -2.3907, -2.4651, -2.3142]
	Neuron 2 weight: [-1.2824, 1.6257, -1.2707, -0.222, -1.0587, -1.2566, 1.5239, 0.2954, -0.1488, 0.131, -1.4358]
	Neuron 3 weight: [-6.8203, 1.2724, 1.6909, 1.5704, 1.6652, 1.6589, 1.3828, 1.5268, 1.5249, 1.5613, 1.7761]

Total test error = 6.6667% 


--- Execution time: 236.71378636360168 seconds ---
