Execution: python3 ../src/NNDriver.py ../data/iris.csv 80 2000 3 10 10 10

Training data set size: 119 
Testing data set size: 30 

Total training iteration executed: 640
Total training error = 0.8403% 

Neural Network model parameter are as follow:
Layer 0
	Neuron 1 weight: [0.0492, -0.4224, 1.5985, -1.2429, -0.6771]
	Neuron 2 weight: [-1.391, -1.3344, 0.6084, 2.7726, 1.8012]
	Neuron 3 weight: [-0.0025, -0.2464, 1.3284, -1.2144, -0.7212]
	Neuron 4 weight: [-0.331, -0.5383, 0.4483, 1.255, 0.7644]
	Neuron 5 weight: [0.3304, 0.0743, -0.0048, -0.9605, -0.7455]
	Neuron 6 weight: [0.2, 0.1499, 0.4216, -1.1332, -0.7793]
	Neuron 7 weight: [-0.0051, -0.4345, 1.5076, -1.1238, -0.6931]
	Neuron 8 weight: [0.5079, 0.1706, -0.193, -1.066, -0.8131]
	Neuron 9 weight: [-0.03, -0.2826, 1.247, -1.1121, -0.7046]
	Neuron 10 weight: [0.0581, -0.1352, 1.2028, -1.2669, -0.7565]
Layer 1
	Neuron 1 weight: [-1.0191, 0.9606, -1.514, 0.7615, -0.7073, 0.5444, 0.6434, 0.806, 0.6453, 0.715, 0.883]
	Neuron 2 weight: [-1.3767, 0.8559, -1.4867, 0.7788, -0.7474, 0.3763, 0.6128, 0.7489, 0.4474, 0.7114, 0.8136]
	Neuron 3 weight: [-1.001, 0.9809, -1.5522, 0.8772, -0.6674, 0.6148, 0.7132, 0.898, 0.6319, 0.7877, 0.9048]
	Neuron 4 weight: [-1.5146, 0.8615, -1.4502, 0.7223, -0.769, 0.319, 0.567, 0.7046, 0.2976, 0.6344, 0.7748]
	Neuron 5 weight: [-2.0858, 0.889, -1.4522, 0.7976, -0.9882, 0.1635, 0.442, 0.8084, 0.1085, 0.6666, 0.7696]
	Neuron 6 weight: [-0.6862, 1.1015, -1.6837, 1.0021, -0.7384, 0.8446, 0.8744, 1.0277, 0.9037, 0.8989, 1.0094]
	Neuron 7 weight: [-2.1078, 0.9129, -1.4968, 0.7728, -0.9336, 0.1712, 0.4586, 0.822, 0.1176, 0.7116, 0.7482]
	Neuron 8 weight: [-0.5275, 1.1104, -1.7749, 0.9747, -0.7432, 0.8673, 0.9175, 0.9538, 0.9786, 0.936, 1.0484]
	Neuron 9 weight: [-1.2692, 0.889, -1.4834, 0.8167, -0.7079, 0.4908, 0.6262, 0.7744, 0.5174, 0.73, 0.7842]
	Neuron 10 weight: [-1.3627, 0.8592, -1.4721, 0.771, -0.7309, 0.3597, 0.5651, 0.7697, 0.4412, 0.63, 0.7471]
Layer 2
	Neuron 1 weight: [4.2249, -0.5202, -0.8437, -0.4836, -0.941, -1.5603, -0.0916, -1.5192, 0.149, -0.6684, -0.7903]
	Neuron 2 weight: [1.7561, -0.2974, -0.4567, -0.3747, -0.4909, -0.8038, -0.184, -0.8258, -0.019, -0.4829, -0.4174]
	Neuron 3 weight: [2.3311, -0.3606, -0.5455, -0.3346, -0.6494, -0.9393, -0.1077, -1.027, 0.0669, -0.4691, -0.5525]
	Neuron 4 weight: [1.9263, -1.2698, -1.3469, -1.3698, -1.2776, -1.2349, -1.4131, -1.2747, -1.3615, -1.306, -1.2798]
	Neuron 5 weight: [1.5701, -1.1174, -1.1486, -1.2362, -1.1225, -1.049, -1.2817, -1.1385, -1.1952, -1.1986, -1.1163]
	Neuron 6 weight: [1.8765, -1.2329, -1.3341, -1.3457, -1.2017, -1.1363, -1.4305, -1.2685, -1.3503, -1.3327, -1.2082]
	Neuron 7 weight: [1.4566, -1.1149, -1.159, -1.1504, -1.0932, -1.0054, -1.2338, -1.0975, -1.1412, -1.1077, -1.0705]
	Neuron 8 weight: [1.1956, -1.0051, -1.0253, -1.0523, -0.8877, -0.9248, -1.1095, -1.0001, -1.0418, -0.9787, -0.9236]
	Neuron 9 weight: [3.2098, -0.3906, -0.6818, -0.3682, -0.7302, -1.2867, -0.0709, -1.3069, 0.1408, -0.6024, -0.662]
	Neuron 10 weight: [1.5384, -1.1528, -1.1806, -1.19, -1.0586, -1.0583, -1.2353, -1.1175, -1.195, -1.1832, -1.1108]
Layer 3
	Neuron 1 weight: [4.093, -3.1177, -2.3885, -2.6977, -2.0665, -2.0857, -2.0044, -1.9764, -2.141, -2.8887, -2.0821]
	Neuron 2 weight: [-3.7774, 4.2002, 1.2835, 1.7876, -3.1025, -2.4438, -3.0221, -2.324, -1.6915, 2.9015, -2.394]
	Neuron 3 weight: [-7.2009, 0.3289, 0.9006, 0.9229, 2.4009, 2.2202, 2.3781, 2.128, 2.0222, 0.6129, 2.1909]

Total test error = 0.0000% 


--- Execution time: 35.159477949142456 seconds ---
