Execution: python3 ../src/NNDriver.py ../data/iris.csv 80 200 8 6 6 6 6 6 6 6 6

Training data set size: 119 
Testing data set size: 30 

Total training iteration executed: 200
Total training error = 66.3866% 

Neural Network model parameter are as follow:
Layer 0
	Neuron 1 weight: [0.0045, -0.0053, -0.0393, -0.0146, -0.002]
	Neuron 2 weight: [-0.0427, -0.0018, -0.0137, -0.0103, 0.0326]
	Neuron 3 weight: [-0.0072, -0.038, -0.002, -0.0146, -0.0385]
	Neuron 4 weight: [-0.0244, 0.037, -0.0377, 0.049, 0.0302]
	Neuron 5 weight: [-0.0238, 0.0394, 0.0107, -0.0227, -0.0241]
	Neuron 6 weight: [-0.0423, 0.0441, -0.039, -0.0219, -0.0368]
Layer 1
	Neuron 1 weight: [0.0199, 0.0115, -0.017, -0.0024, -0.0296, -0.0491, -0.0437]
	Neuron 2 weight: [0.0309, 0.0235, -0.0045, 0.0369, 0.0086, -0.0295, -0.0099]
	Neuron 3 weight: [-0.026, 0.008, 0.0294, 0.024, -0.0119, -0.0242, -0.0203]
	Neuron 4 weight: [0.0299, -0.0404, 0.0147, -0.0455, -0.0179, -0.0042, 0.0117]
	Neuron 5 weight: [0.0269, -0.0433, 0.0395, 0.0263, 0.0123, 0.0026, 0.0368]
	Neuron 6 weight: [0.0414, 0.0006, 0.0269, -0.0002, 0.0014, -0.0319, 0.0148]
Layer 2
	Neuron 1 weight: [-0.0393, 0.0066, -0.0342, 0.0071, -0.0113, -0.0457, -0.0018]
	Neuron 2 weight: [0.0051, -0.0133, -0.0208, -0.0154, -0.0343, 0.02, -0.0206]
	Neuron 3 weight: [0.0418, 0.0017, -0.0013, -0.0075, -0.0292, -0.0127, -0.0266]
	Neuron 4 weight: [-0.0161, -0.0123, 0.0017, 0.0045, 0.0384, 0.0038, -0.0053]
	Neuron 5 weight: [0.0023, -0.0363, 0.0077, 0.0381, 0.0422, -0.0076, 0.0065]
	Neuron 6 weight: [0.0428, -0.0402, 0.0037, -0.0193, 0.0131, 0.0168, 0.0293]
Layer 3
	Neuron 1 weight: [-0.024, 0.0371, -0.0187, 0.0087, 0.0026, -0.0244, -0.0362]
	Neuron 2 weight: [0.0181, -0.0202, 0.01, -0.022, -0.033, 0.0054, -0.0188]
	Neuron 3 weight: [-0.0365, 0.0122, 0.0136, 0.0112, 0.0342, -0.0252, -0.0336]
	Neuron 4 weight: [0.0089, 0.0483, 0.0361, -0.044, -0.016, 0.0495, -0.0323]
	Neuron 5 weight: [-0.008, -0.046, -0.0164, 0.0449, -0.0382, 0.0072, 0.049]
	Neuron 6 weight: [0.049, 0.0395, 0.0361, -0.0215, 0.0392, 0.0199, -0.0211]
Layer 4
	Neuron 1 weight: [-0.0391, 0.0016, -0.0306, -0.0341, -0.0086, -0.0331, 0.0084]
	Neuron 2 weight: [0.0481, 0.021, 0.0293, -0.0214, -0.0113, 0.0398, 0.004]
	Neuron 3 weight: [-0.0199, 0.0445, -0.022, 0.0083, -0.0126, -0.016, -0.0226]
	Neuron 4 weight: [0.0219, -0.0317, 0.027, -0.0099, -0.0009, -0.0351, 0.0199]
	Neuron 5 weight: [-0.0217, 0.0246, 0.0216, 0.0445, -0.0368, 0.0173, -0.0325]
	Neuron 6 weight: [0.019, -0.0256, -0.0221, -0.0389, -0.0415, 0.0053, -0.0222]
Layer 5
	Neuron 1 weight: [-0.0366, -0.0357, 0.0302, -0.0353, 0.0232, 0.0228, -0.042]
	Neuron 2 weight: [-0.0364, -0.0286, -0.0018, -0.0343, -0.0365, 0.0431, -0.011]
	Neuron 3 weight: [-0.0128, 0.0336, 0.0046, -0.0059, -0.0023, 0.0141, -0.0084]
	Neuron 4 weight: [0.0426, 0.0398, -0.0429, 0.0137, 0.0253, 0.0261, 0.0234]
	Neuron 5 weight: [-0.0041, -0.0438, 0.0026, 0.0195, 0.0214, 0.0166, 0.0147]
	Neuron 6 weight: [0.0372, -0.0037, 0.0153, -0.0032, 0.0488, -0.0088, -0.0479]
Layer 6
	Neuron 1 weight: [0.0083, 0.0234, 0.0323, -0.0206, 0.0699, 0.0137, 0.0108]
	Neuron 2 weight: [0.0561, 0.0226, -0.0065, -0.0298, 0.0505, -0.0084, 0.0531]
	Neuron 3 weight: [0.0593, 0.0561, 0.0529, 0.0368, -0.0085, 0.0018, 0.0495]
	Neuron 4 weight: [0.0403, -0.0066, 0.0331, -0.0003, 0.0417, 0.0058, 0.0093]
	Neuron 5 weight: [0.0553, -0.0184, -0.0061, 0.0107, -0.0189, 0.0435, 0.0652]
	Neuron 6 weight: [0.0094, 0.0372, 0.0112, -0.0095, 0.0493, 0.0221, 0.0156]
Layer 7
	Neuron 1 weight: [-0.3581, -0.1735, -0.1469, -0.2152, -0.186, -0.1211, -0.1901]
	Neuron 2 weight: [-0.3087, -0.2056, -0.1631, -0.2027, -0.1702, -0.1328, -0.1495]
	Neuron 3 weight: [-0.3528, -0.1629, -0.2057, -0.1763, -0.207, -0.146, -0.1487]
	Neuron 4 weight: [-0.3805, -0.1701, -0.1744, -0.1536, -0.1251, -0.1258, -0.1769]
	Neuron 5 weight: [-0.3458, -0.132, -0.1297, -0.1543, -0.1256, -0.1745, -0.1988]
	Neuron 6 weight: [-0.3371, -0.1556, -0.166, -0.1755, -0.1232, -0.2052, -0.156]
Layer 8
	Neuron 1 weight: [-0.377, -0.1331, -0.19, -0.139, -0.1954, -0.202, -0.2218]
	Neuron 2 weight: [-0.4095, -0.1571, -0.1755, -0.1748, -0.2078, -0.2127, -0.1774]
	Neuron 3 weight: [-0.3721, -0.1219, -0.1791, -0.1762, -0.1329, -0.1539, -0.204]

Total test error = 66.6667% 


--- Execution time: 14.57430100440979 seconds ---
