Execution: python3 ../src/NNDriver.py ../data/iris.csv 80 1000 3 10 10 10

Training data set size: 119 
Testing data set size: 30 

Total training iteration executed: 1000
Total training error = 1.6807% 

Neural Network model parameter are as follow:
Layer 0
	Neuron 1 weight: [-1.1939, -0.1472, -0.4279, 1.2045, 1.2261]
	Neuron 2 weight: [-0.673, 0.0764, -0.714, 0.9047, 0.9253]
	Neuron 3 weight: [-1.1221, -0.1211, -0.3478, 1.071, 1.1571]
	Neuron 4 weight: [-0.3652, 0.1882, -0.989, 0.8699, 0.8007]
	Neuron 5 weight: [-1.1856, -0.1722, -0.2286, 1.1174, 1.1943]
	Neuron 6 weight: [-1.2252, -0.1955, -0.2392, 1.1383, 1.2586]
	Neuron 7 weight: [-1.2614, -0.2312, -0.177, 1.1815, 1.3031]
	Neuron 8 weight: [-0.8779, 0.1284, -1.2026, 1.2404, 1.0353]
	Neuron 9 weight: [2.9804, 0.3405, 0.1425, -2.3305, -2.5861]
	Neuron 10 weight: [-0.8196, 0.0595, -0.9362, 1.1274, 1.0141]
Layer 1
	Neuron 1 weight: [-1.075, 1.2344, 0.9776, 1.0133, 1.0584, 1.0601, 1.0804, 1.1435, 1.2209, -0.8842, 1.1403]
	Neuron 2 weight: [-2.3757, 0.6843, 0.3866, 0.5846, 0.2515, 0.622, 0.6151, 0.6543, 0.6189, -2.0015, 0.5811]
	Neuron 3 weight: [-1.8972, 0.6674, 0.42, 0.5423, 0.3712, 0.5457, 0.6172, 0.6299, 0.7621, -1.2632, 0.6494]
	Neuron 4 weight: [-2.3061, 0.698, 0.3273, 0.5158, 0.266, 0.5675, 0.609, 0.7073, 0.681, -1.9493, 0.5445]
	Neuron 5 weight: [-2.2937, 0.7364, 0.3687, 0.5355, 0.2456, 0.5992, 0.6482, 0.6488, 0.6534, -1.8645, 0.5038]
	Neuron 6 weight: [-1.8597, 0.6633, 0.4094, 0.592, 0.4287, 0.5135, 0.6664, 0.6091, 0.7599, -1.2589, 0.5663]
	Neuron 7 weight: [-2.6869, 0.7721, 0.3885, 0.6426, 0.2208, 0.6529, 0.6997, 0.7487, 0.7332, -2.4495, 0.591]
	Neuron 8 weight: [-1.1652, 1.272, 1.0082, 1.0422, 1.0357, 1.0225, 1.1453, 1.173, 1.2908, -0.8675, 1.1923]
	Neuron 9 weight: [-2.3017, 0.6749, 0.3876, 0.5057, 0.3094, 0.5588, 0.6235, 0.6633, 0.6305, -1.9418, 0.5564]
	Neuron 10 weight: [-2.522, 0.7145, 0.3375, 0.6216, 0.2824, 0.6311, 0.6959, 0.7434, 0.6357, -2.26, 0.537]
Layer 2
	Neuron 1 weight: [1.182, -1.2236, -0.8982, -0.9107, -0.8747, -0.8738, -0.883, -0.8797, -1.3022, -0.8638, -0.863]
	Neuron 2 weight: [1.6271, -1.5249, -1.0247, -1.1804, -1.0853, -1.1238, -1.1852, -1.0436, -1.5854, -1.0125, -1.1055]
	Neuron 3 weight: [2.9213, 0.7081, -1.129, -0.7877, -1.1071, -1.0662, -0.7682, -1.4571, 0.5611, -1.1061, -1.2986]
	Neuron 4 weight: [1.734, -0.0148, -0.8164, -0.5621, -0.7734, -0.7763, -0.5554, -0.8707, -0.0473, -0.7573, -0.8414]
	Neuron 5 weight: [1.2187, -1.2208, -0.908, -0.906, -0.8634, -0.945, -0.9852, -0.9436, -1.375, -0.8381, -0.9123]
	Neuron 6 weight: [1.4025, -1.3871, -0.9781, -1.0647, -0.9745, -0.991, -1.0602, -1.0078, -1.459, -0.9913, -0.9723]
	Neuron 7 weight: [1.6699, -1.5162, -1.1087, -1.1942, -1.0601, -1.1036, -1.1673, -1.1117, -1.6411, -1.0864, -1.1148]
	Neuron 8 weight: [1.3798, -1.342, -0.9714, -1.0866, -0.9343, -0.9769, -1.0597, -0.9798, -1.4632, -0.98, -0.9862]
	Neuron 9 weight: [3.0581, 0.7923, -1.217, -0.7974, -1.1964, -1.1106, -0.7681, -1.5534, 0.6903, -1.1866, -1.3958]
	Neuron 10 weight: [2.8962, 0.7791, -1.198, -0.7582, -1.1098, -1.1308, -0.761, -1.4799, 0.6285, -1.1121, -1.3484]
Layer 3
	Neuron 1 weight: [-6.9622, 2.0301, 2.2968, 0.4689, 0.8604, 2.004, 2.1145, 2.3236, 2.1447, 0.4272, 0.4493]
	Neuron 2 weight: [-4.5024, -1.4811, -2.8207, 2.8486, 1.2192, -1.7134, -2.3096, -2.8832, -2.2081, 3.157, 2.9821]
	Neuron 3 weight: [4.632, -2.3602, -2.1201, -2.8239, -2.5372, -2.33, -2.2237, -2.2048, -2.2104, -2.7948, -2.7333]

Total test error = 0.0000% 


--- Execution time: 54.792072772979736 seconds ---
