Execution: python3 ../src/NNDriver.py ../data/iris.csv 80 2000 8 6 6 6 6 6 6 6 6

Training data set size: 119 
Testing data set size: 30 

Total training iteration executed: 2000
Total training error = 64.7059% 

Neural Network model parameter are as follow:
Layer 0
	Neuron 1 weight: [0.0233, 0.0435, -0.0407, -0.012, 0.0497]
	Neuron 2 weight: [-0.0022, 0.0383, -0.0257, -0.0366, -0.0338]
	Neuron 3 weight: [0.0186, 0.0024, 0.0311, 0.0226, -0.0131]
	Neuron 4 weight: [0.0477, 0.0316, -0.0447, -0.0486, 0.0424]
	Neuron 5 weight: [-0.0475, -0.0359, -0.0067, 0.0468, -0.0413]
	Neuron 6 weight: [0.0178, 0.0117, -0.0156, -0.0336, -0.0054]
Layer 1
	Neuron 1 weight: [0.0107, -0.0062, 0.0086, -0.0362, 0.0126, -0.002, -0.0057]
	Neuron 2 weight: [0.0392, 0.0423, 0.0349, -0.0405, -0.0078, 0.0197, -0.0489]
	Neuron 3 weight: [-0.0441, 0.008, -0.044, 0.0291, 0.0484, 0.0356, 0.0468]
	Neuron 4 weight: [0.0323, 0.0265, 0.0027, 0.0277, -0.0056, 0.0137, -0.0343]
	Neuron 5 weight: [0.0307, -0.0488, 0.0083, -0.0048, 0.0313, 0.0132, -0.0441]
	Neuron 6 weight: [-0.0088, -0.045, -0.0085, 0.0148, 0.0079, -0.0326, -0.0428]
Layer 2
	Neuron 1 weight: [0.0039, -0.0461, -0.0185, -0.0408, -0.02, -0.0104, 0.0407]
	Neuron 2 weight: [0.0399, 0.0039, -0.0215, -0.0312, -0.0201, -0.0334, 0.0426]
	Neuron 3 weight: [0.0116, -0.05, -0.0084, 0.0072, 0.033, 0.0426, -0.0446]
	Neuron 4 weight: [0.0154, 0.0194, -0.0079, 0.0066, 0.0443, -0.0019, -0.0148]
	Neuron 5 weight: [-0.0124, -0.0216, -0.0118, 0.0218, 0.0254, 0.0107, -0.0096]
	Neuron 6 weight: [0.0217, -0.0414, 0.0458, 0.0183, 0.0152, -0.0216, -0.0475]
Layer 3
	Neuron 1 weight: [0.0343, -0.0034, -0.0015, 0.0189, 0.0215, 0.0313, 0.0124]
	Neuron 2 weight: [-0.0454, 0.0374, -0.0064, -0.03, -0.0344, -0.0109, -0.0132]
	Neuron 3 weight: [0.0283, 0.0418, -0.0239, 0.0198, -0.011, 0.0366, 0.0103]
	Neuron 4 weight: [-0.0052, 0.0433, -0.0177, -0.0454, 0.0217, 0.0027, 0.0122]
	Neuron 5 weight: [-0.0309, 0.0019, 0.0362, -0.0206, 0.028, -0.0248, 0.0305]
	Neuron 6 weight: [-0.038, 0.0357, 0.0356, -0.0198, 0.0087, -0.0186, -0.0408]
Layer 4
	Neuron 1 weight: [-0.0276, -0.0296, -0.0419, -0.0367, -0.029, 0.0492, 0.0474]
	Neuron 2 weight: [0.0436, 0.0315, -0.0323, -0.0124, 0.0328, 0.0311, 0.0502]
	Neuron 3 weight: [-0.0463, 0.0233, 0.0263, -0.0373, 0.0359, -0.0236, -0.0054]
	Neuron 4 weight: [0.0053, 0.0244, -0.006, 0.0288, 0.0263, -0.0078, -0.0488]
	Neuron 5 weight: [-0.0462, -0.0091, 0.025, 0.005, -0.0457, -0.0227, 0.0203]
	Neuron 6 weight: [0.014, -0.0109, -0.0046, 0.0072, 0.0184, 0.0062, -0.023]
Layer 5
	Neuron 1 weight: [0.0557, -0.0227, 0.0576, -0.0159, 0.0337, 0.0327, 0.0598]
	Neuron 2 weight: [0.0255, 0.0547, 0.0449, 0.0535, 0.0496, -0.0134, 0.0446]
	Neuron 3 weight: [0.0416, 0.0001, 0.0353, 0.0288, 0.0096, 0.0599, 0.0438]
	Neuron 4 weight: [0.0765, 0.0339, -0.0359, 0.0449, 0.0311, -0.025, 0.0048]
	Neuron 5 weight: [0.0468, 0.0489, 0.0491, 0.041, 0.0032, -0.0247, 0.0495]
	Neuron 6 weight: [0.0724, -0.0057, 0.0494, 0.0131, 0.0164, -0.0358, -0.0071]
Layer 6
	Neuron 1 weight: [0.2889, 0.0897, 0.1643, 0.1094, 0.1009, 0.1516, 0.107]
	Neuron 2 weight: [0.2719, 0.1807, 0.1043, 0.0954, 0.1476, 0.1834, 0.1347]
	Neuron 3 weight: [0.2483, 0.1088, 0.1274, 0.1126, 0.1128, 0.1158, 0.1791]
	Neuron 4 weight: [0.2504, 0.1673, 0.1259, 0.1654, 0.1695, 0.1406, 0.1626]
	Neuron 5 weight: [0.2894, 0.1734, 0.1114, 0.1685, 0.1371, 0.148, 0.1014]
	Neuron 6 weight: [0.3088, 0.136, 0.1263, 0.1311, 0.1461, 0.1384, 0.1654]
Layer 7
	Neuron 1 weight: [-0.7848, -0.4261, -0.4989, -0.4721, -0.4734, -0.4622, -0.4613]
	Neuron 2 weight: [-0.8023, -0.4333, -0.4768, -0.4379, -0.4657, -0.483, -0.4741]
	Neuron 3 weight: [-0.7962, -0.444, -0.443, -0.4363, -0.5051, -0.4838, -0.4597]
	Neuron 4 weight: [-0.8021, -0.4831, -0.4337, -0.435, -0.4564, -0.481, -0.4693]
	Neuron 5 weight: [-0.8096, -0.4186, -0.4877, -0.4825, -0.4271, -0.45, -0.492]
	Neuron 6 weight: [-0.7973, -0.4765, -0.4386, -0.4495, -0.4424, -0.4724, -0.4967]
Layer 8
	Neuron 1 weight: [-0.6775, -0.2155, -0.2281, -0.2351, -0.2618, -0.2145, -0.2155]
	Neuron 2 weight: [-0.6369, -0.2273, -0.2198, -0.2304, -0.2507, -0.1964, -0.2044]
	Neuron 3 weight: [-0.5236, -0.2035, -0.1916, -0.1873, -0.2344, -0.1808, -0.1974]

Total test error = 73.3333% 


--- Execution time: 144.13837790489197 seconds ---
