Training data set size: 24128 
Testing data set size: 6033 

Total training iteration executed: 1000
Total training error = 14.4438% 

Neural Network model parameter are as follow:
Layer 0
	Neuron 1 weight: [-2.0111, 2.7088, 1.3899, -0.5962, -0.0385, 1.8598, 0.398, 1.8956, -4.4892, -0.3946, 1.515, 8.8999, 0.5465, 7.3091, 1.5628]
	Neuron 2 weight: [0.9015, -0.2386, 1.8537, -0.9432, -2.0897, -2.0889, 1.1846, -0.2289, -0.1719, -0.6598, -1.3081, 2.6703, -1.124, -0.6317, -0.2161]
	Neuron 3 weight: [-0.4064, 9.2694, -0.9435, -0.5109, 2.2762, 4.2697, -2.0571, 1.7462, 4.6102, 0.6715, -0.1629, -2.1262, 0.0197, 4.8221, 0.7088]
	Neuron 4 weight: [-7.0168, -0.1443, -4.9109, -0.868, -8.9201, 15.7052, 1.0562, 7.2745, 0.4879, 0.3608, 0.6942, 4.7278, 4.1433, -0.3526, -5.1661]
	Neuron 5 weight: [6.6309, 5.4426, -0.6962, 0.1191, -0.1045, -1.0611, -6.6164, -0.1003, 25.0157, -1.0261, 1.7891, -2.3758, -0.7351, -0.4489, -0.4877]
	Neuron 6 weight: [-4.071, -9.9339, 0.1982, -0.1679, -1.0481, -2.2439, 15.6973, -0.2062, -1.7173, 1.0567, -2.1365, -2.3807, -0.3675, 1.1304, -0.8041]
	Neuron 7 weight: [-8.2101, 0.4409, -1.0811, -0.3619, 0.3711, 2.3545, 2.34, -22.5491, 0.005, 1.0607, 0.3849, 2.5058, 1.7363, 0.038, -6.9042]
	Neuron 8 weight: [9.0757, -0.2443, -0.5284, 0.9385, 0.0297, 1.2384, 0.8398, -0.8754, -9.4661, -0.0747, -3.3855, -24.6921, -0.5798, 0.4959, -0.0884]
	Neuron 9 weight: [-13.4825, -3.638, 4.7632, 4.0897, 1.2545, 3.832, -2.2809, 0.2721, -0.142, -2.7259, -0.1042, 17.5392, 3.3269, -1.7782, 2.3076]
	Neuron 10 weight: [22.6328, 0.1426, -0.2625, 0.3153, -1.0074, 0.2806, -7.1495, -1.779, -14.0086, -0.5107, 1.8155, -8.4769, -3.5104, 2.2399, 0.0088]
Layer 1
	Neuron 1 weight: [-0.954, -1.3254, 0.6348, 5.0737, 1.626, -2.3406, -2.3924, -6.8316, -4.533, -2.548, -2.7488]
	Neuron 2 weight: [-5.8048, 6.4473, -0.7352, 5.1556, 4.9146, -6.3345, -9.883, 0.3131, -6.575, 7.7229, -1.9289]
	Neuron 3 weight: [7.5433, 6.5299, -4.6212, -1.3657, -10.1259, -6.6501, -3.8212, -1.7571, -10.7773, 2.993, -4.7248]
	Neuron 4 weight: [0.9473, -2.2443, -15.7193, -0.7514, 3.3401, -4.7725, -8.0339, -6.9124, 1.9646, -3.2071, -1.8263]
	Neuron 5 weight: [-6.8605, 3.9436, 2.6918, 2.4489, 4.2554, -4.6901, -9.7784, -6.318, -5.3284, 8.406, -0.7294]
	Neuron 6 weight: [3.2573, 8.8396, -0.9565, -6.6432, 2.36, -6.2881, -8.0886, 2.3087, -9.603, -1.3054, -5.7603]
	Neuron 7 weight: [-3.4336, 8.8499, -2.503, 3.2993, 7.5135, -5.7464, -8.5968, 9.9396, -3.1911, 2.1971, -14.6156]
	Neuron 8 weight: [-3.1299, -1.1195, -2.3817, 3.5684, 1.1956, -8.3009, -3.4641, 7.6256, -1.483, 3.0061, -3.1493]
	Neuron 9 weight: [0.1984, 4.0597, -4.2458, 3.5228, 1.9873, -7.722, -6.4885, 2.4653, -0.4478, -3.6185, 1.937]
	Neuron 10 weight: [-2.4365, 5.3554, -3.0638, 5.0769, 2.793, -13.1401, -4.0713, -10.9954, -4.1125, -1.1075, -1.4087]
Layer 2
	Neuron 1 weight: [-0.2644, -1.1772, 0.0224, -0.7587, -1.0331, -0.7435, -2.8343, -3.4827, -1.2308, -1.2989, -0.9156]
	Neuron 2 weight: [-0.8078, -1.3618, 0.3401, -0.6016, -1.1218, -0.6692, -2.9509, -2.8501, -1.5265, -0.5749, -1.3437]
	Neuron 3 weight: [6.2675, -3.3032, -4.8126, -11.4715, -4.8806, -4.1311, -8.0026, -0.8595, -5.4685, 5.8613, -0.5161]
	Neuron 4 weight: [0.5534, -1.143, 0.0126, -0.8517, -0.6341, -0.9829, -2.8272, -4.2248, -0.9599, -2.1173, -0.9702]
	Neuron 5 weight: [0.1013, -1.1387, 0.0712, -0.7376, -0.8895, -0.8555, -2.8332, -3.8139, -1.0971, -1.6464, -1.0007]
	Neuron 6 weight: [-0.4972, -1.2673, 0.0994, -0.653, -1.1636, -0.6369, -2.9015, -3.2019, -1.3851, -0.951, -1.0929]
	Neuron 7 weight: [-0.6045, -1.2697, 0.3905, -0.6021, -1.0657, -0.7949, -2.9053, -3.1309, -1.3771, -0.8303, -1.3498]
	Neuron 8 weight: [-0.0643, -1.2, 0.2884, -0.6729, -0.9125, -0.7991, -2.8805, -3.6137, -1.1679, -1.3901, -1.2901]
	Neuron 9 weight: [-0.816, -1.3417, 0.1832, -0.5539, -1.2682, -0.6569, -2.9438, -2.8578, -1.5678, -0.555, -1.1977]
	Neuron 10 weight: [0.3009, -1.0855, -0.3023, -0.9859, -0.6964, -0.7238, -2.7907, -4.0685, -0.965, -2.0201, -0.526]
Layer 3
	Neuron 1 weight: [-4.936, 1.1201, 1.0851, 4.2633, 1.1888, 1.1338, 1.0348, 1.0809, 1.0894, 1.0733, 1.2341]
	Neuron 2 weight: [4.9347, -1.1024, -1.0718, -4.2618, -1.1854, -1.1078, -1.1102, -1.069, -1.0779, -1.0628, -1.256]

Total test error = 15.4318% 


--- Execution time: 14056.871879816055 seconds ---
