Training data set size: 24128 
Testing data set size: 6033 

Total training iteration executed: 1000
Total training error = 15.3473% 

Neural Network model parameter are as follow:
Layer 0
	Neuron 1 weight: [0.0351, 5.2886, -0.6881, 0.5246, 0.8072, 3.4428, -4.7962, -0.3354, 1.2241, 0.2263, 1.2193, 4.6469, 1.0406, -1.1779, 0.247]
	Neuron 2 weight: [-5.0015, 1.5849, 0.4394, -0.7486, -1.053, -3.1778, -5.692, 0.2819, -1.1084, -0.3961, -1.9491, -2.4916, -0.7571, 0.2178, 0.2652]
	Neuron 3 weight: [14.0262, -1.4138, -0.3809, 0.2133, 0.4052, -0.2031, 3.4804, -0.0227, -9.4689, 0.097, -0.1752, -24.534, -0.3601, -0.7019, 0.038]
	Neuron 4 weight: [-7.2919, 1.3741, -0.1809, 0.1168, 0.1421, 2.154, -0.141, 0.1632, -8.7517, 0.0748, 0.626, 4.3022, 0.4267, 3.0075, 0.2618]
Layer 1
	Neuron 1 weight: [2.5354, -0.1105, -3.8815, -13.0818, 11.7627]
	Neuron 2 weight: [-1.4314, -0.8404, 1.165, 1.1316, 21.2211]
	Neuron 3 weight: [-7.3528, 8.1335, -20.9718, -14.2123, 13.183]
	Neuron 4 weight: [-0.9831, 7.562, -8.6064, -16.2156, 9.9278]
	Neuron 5 weight: [-3.7208, 9.1253, -8.2137, 1.6791, 2.421]
	Neuron 6 weight: [-1.5475, 4.6983, -5.3245, -10.2722, 8.6851]
Layer 2
	Neuron 1 weight: [-9.0393, 0.4156, 3.8784, 5.4268, 2.7129, 2.8575, 1.2561]
	Neuron 2 weight: [-8.437, 0.845, 3.4842, 4.2994, 4.6972, 3.0672, 2.8719]
	Neuron 3 weight: [-8.6295, 0.1807, 3.5105, 5.5733, 1.8991, 2.9688, 1.1089]
	Neuron 4 weight: [-6.9583, 1.4143, 0.1056, 4.8704, 1.9679, -0.055, 2.0579]
	Neuron 5 weight: [-3.366, 9.0375, 3.8097, 3.0223, 4.8707, 2.7219, 4.0023]
	Neuron 6 weight: [-5.352, 2.523, 4.8709, 4.4169, 2.4955, -9.2435, 1.2804]
Layer 3
	Neuron 1 weight: [5.4033, -2.2744, -2.0567, -1.7141, -1.9797, 1.6898, -8.0611]
	Neuron 2 weight: [0.356, -2.2357, -1.5878, -1.98, -2.2107, -2.767, -2.5158]
	Neuron 3 weight: [0.7483, -1.9069, -1.3437, -1.7091, -2.0979, -4.9026, -2.8421]
	Neuron 4 weight: [6.3296, -5.2166, -4.4243, -4.7666, -3.1446, -5.3114, -2.8356]
Layer 4
	Neuron 1 weight: [-3.2782, 3.3384, 2.399, 4.3445, 1.5174]
	Neuron 2 weight: [3.2785, -3.3387, -2.378, -4.3638, -1.5191]

Total test error = 16.0617% 


--- Execution time: 7719.128432750702 seconds ---
