Training data set size: 24128 
Testing data set size: 6033 

Total training iteration executed: 4000
Total training error = 15.8488% 

Neural Network model parameter are as follow:
Layer 0
	Neuron 1 weight: [2.1664, 5.6391, -0.0978, -0.4711, 0.2004, 1.0652, -5.9506, 0.6229, 2.1659, 0.1561, 1.9264, 3.4791, 0.7083, 0.6207, 0.2029]
	Neuron 2 weight: [-36.3316, -0.4245, 0.2744, 0.8576, 0.6119, 2.8527, 4.8977, -0.9635, 20.8343, 0.6736, 0.1525, 35.2269, 3.4108, 0.4445, -0.3431]
	Neuron 3 weight: [3.9802, 0.2563, 0.165, 0.2332, -0.3183, -1.8868, -1.7922, -0.4165, 8.7939, 0.1135, -0.2002, -6.5444, -0.6505, -2.5068, -0.1892]
	Neuron 4 weight: [-1.2592, -0.6942, -0.6669, 1.4389, 0.1908, 5.1151, -0.5634, -0.5852, -1.0829, 0.4919, 1.4308, 8.2353, 1.0365, -0.5319, -0.2902]
Layer 1
	Neuron 1 weight: [-10.1601, 4.1141, 2.9701, -9.5617, 8.4818]
	Neuron 2 weight: [0.6977, 13.508, 8.6577, -15.3512, 1.05]
	Neuron 3 weight: [-31.1989, 4.7136, 35.0341, -33.9892, 28.0327]
	Neuron 4 weight: [-29.2952, 32.0306, 16.253, -14.2596, -2.1316]
	Neuron 5 weight: [-15.2626, 15.6721, 9.2557, -8.9368, 17.7671]
	Neuron 6 weight: [-8.0023, 6.5684, 14.208, -5.7291, -0.8945]
Layer 2
	Neuron 1 weight: [-13.0296, 11.6711, -6.2232, 9.501, 10.3868, 13.0455, 0.771]
	Neuron 2 weight: [-10.0446, 1.5241, -5.035, 16.5866, 0.0081, -3.2822, 0.9469]
	Neuron 3 weight: [-9.0722, 4.3777, -5.677, 10.7747, 9.07, -3.9703, 10.7223]
	Neuron 4 weight: [-11.5969, 5.1402, -6.3248, 8.6449, 4.2368, 2.4564, 0.0975]
	Neuron 5 weight: [-12.2837, -1.5525, -7.2924, 12.1318, 12.2065, 8.578, 4.4474]
	Neuron 6 weight: [-3.6212, -0.3732, 4.9248, -1.453, 10.9461, 1.9521, 1.9714]
Layer 3
	Neuron 1 weight: [-0.4396, -3.5937, -2.1232, -2.2864, -2.3911, -2.4506, -17.6691]
	Neuron 2 weight: [3.1685, -0.7917, -2.2358, -7.3, -3.8562, -1.9914, -4.2167]
	Neuron 3 weight: [1.9373, -10.3814, -7.4948, -1.1852, -1.0595, -1.3211, 11.0133]
	Neuron 4 weight: [11.6346, -3.4147, -2.4626, -3.994, -2.4706, -1.2621, -12.4579]
Layer 4
	Neuron 1 weight: [-2.8274, 8.473, 0.754, 3.1579, 1.3231]
	Neuron 2 weight: [2.8274, -8.473, -0.754, -3.1579, -1.3231]

Total test error = 16.2274% 


--- Execution time: 37359.59985423088 seconds ---
