Training data set size: 24128 
Testing data set size: 6033 

Total training iteration executed: 1000
Total training error = 15.0365% 

Neural Network model parameter are as follow:
Layer 0
	Neuron 1 weight: [2.9097, -0.5481, 0.5694, 0.4521, -0.7461, 4.5794, -22.9545, -1.0765, -5.9013, 0.9492, -4.8428, 1.7169, 1.0825, 0.8373, 0.0559]
	Neuron 2 weight: [25.022, 1.3541, 0.2457, -0.5567, -0.1254, -0.4649, -14.1688, -0.0704, -18.5346, 0.0525, -0.7409, -26.5432, -12.3631, 1.0194, 0.4104]
	Neuron 3 weight: [-0.4934, 1.278, 0.0867, -0.0321, 0.2239, 2.0262, 0.8276, 0.4035, -0.7104, 0.0487, 0.9329, 5.038, -0.5255, 4.3388, 0.1243]
	Neuron 4 weight: [1.8237, 4.746, -1.1149, 0.4717, 0.0224, 2.5018, 1.018, -0.0501, 0.3651, 0.2557, 0.1656, 4.0716, -0.1212, -0.2517, 0.7426]
	Neuron 5 weight: [3.8035, 2.7939, 1.4767, -1.7949, -2.7586, -5.5747, -1.2249, 1.4033, 5.2453, -1.3583, -0.5524, -10.3376, 3.4494, 1.0625, 1.1483]
	Neuron 6 weight: [10.863, 5.624, 0.4272, -0.173, 0.006, -3.1218, -5.8786, 0.5527, 20.8479, 1.6893, -10.975, -10.2398, -1.3487, 0.2658, -0.2654]
Layer 1
	Neuron 1 weight: [-12.6863, 1.9952, 0.2763, 8.8185, 2.3551, -8.8732, 2.4146]
	Neuron 2 weight: [-5.768, 9.1718, -9.4871, 6.1543, -1.2627, -13.2778, 4.171]
	Neuron 3 weight: [-9.2896, 8.4065, -10.8808, 6.7765, 3.9787, -0.8671, 0.8695]
	Neuron 4 weight: [-6.0631, 7.2858, -5.8895, 6.3266, 5.3679, -2.0544, -14.4662]
	Neuron 5 weight: [-12.568, 0.5559, 1.105, 4.5385, 8.777, -2.4424, 0.6776]
	Neuron 6 weight: [-4.4042, 11.6891, -12.0394, -0.8978, 3.7297, -4.9639, -3.665]
	Neuron 7 weight: [-9.5478, 9.7582, 0.0273, 10.5204, -1.3889, -0.4093, -0.5894]
	Neuron 8 weight: [0.4467, 8.14, -8.8326, -3.3731, 8.1911, 0.1106, -7.8113]
Layer 2
	Neuron 1 weight: [-2.3815, -3.3008, -10.3932, 2.0279, 4.1064, 3.6927, 1.8486, 2.6258, 2.0459]
	Neuron 2 weight: [-7.3712, 0.9898, 1.3682, 0.4956, 3.129, 1.7547, 1.4391, 0.6526, 0.2607]
	Neuron 3 weight: [-8.4315, 2.7544, -1.0791, 0.9626, 3.7196, 3.6013, 1.3666, 0.3987, -1.1562]
	Neuron 4 weight: [-6.9453, 3.0488, 4.5835, -0.8029, 2.782, -0.2641, 2.2561, 1.3994, -1.5481]
	Neuron 5 weight: [-6.3897, -0.9999, 3.6202, 0.2695, 1.8371, 0.469, 2.2217, 0.324, 3.5168]
	Neuron 6 weight: [-9.5499, 2.6278, 5.4986, 2.979, 1.326, 2.0082, 2.3465, 4.6143, 1.0244]
	Neuron 7 weight: [-7.755, 5.1193, -0.6272, -0.7077, 6.7355, 3.5522, 1.1747, 0.8515, -2.6977]
	Neuron 8 weight: [-9.8759, 0.6164, 8.4456, 6.8557, 4.5032, -3.8529, 5.4632, -1.2248, 1.0928]
Layer 3
	Neuron 1 weight: [2.8014, -3.0227, -1.9837, -2.3175, -2.2689, -1.7686, -1.7085, -2.8398, -2.1501]
	Neuron 2 weight: [0.3771, -2.3737, -1.4891, -1.7413, -1.919, -0.9964, -0.6237, -2.1254, -1.4068]
	Neuron 3 weight: [0.0036, -2.7532, -1.4647, -1.6742, -2.0105, -0.8366, -0.2019, -1.9387, -1.1768]
	Neuron 4 weight: [0.8466, -2.3191, -1.608, -1.8725, -1.8934, -1.3328, -0.921, -2.2773, -1.573]
	Neuron 5 weight: [6.9881, 0.9066, -0.9515, -1.4426, -0.4689, -0.8, -4.2256, -1.9014, -5.6176]
	Neuron 6 weight: [-0.0578, -2.9677, -1.3703, -1.7384, -2.099, -0.6818, -0.0086, -1.8992, -1.1099]
Layer 4
	Neuron 1 weight: [-3.3433, 1.1753, 1.4837, 2.1952, 1.2018, 2.9902, 2.4662]
	Neuron 2 weight: [3.3432, -1.1727, -1.4882, -2.1683, -1.2104, -2.9902, -2.4812]

Total test error = 15.5644% 


--- Execution time: 12250.538011074066 seconds ---
