Training data set size: 24128 
Testing data set size: 6033 

Total training iteration executed: 1000
Total training error = 15.1484% 

Neural Network model parameter are as follow:
Layer 0
	Neuron 1 weight: [-8.463, 1.1442, -0.355, 0.2243, -2.0947, 7.6161, -0.2184, -0.204, 2.1179, 0.7187, 3.8978, 17.5055, 0.6564, -0.1002, 0.2938]
	Neuron 2 weight: [-0.9791, 2.8999, -0.3942, 0.7386, -0.3441, 2.4339, -11.9779, 0.1028, -2.4481, -0.0968, -4.1712, 2.9971, 0.8576, 0.1169, -0.0904]
	Neuron 3 weight: [1.7484, 3.5746, -0.02, -0.4834, -0.6567, -0.1466, -5.6784, 0.4101, 13.8061, -0.1889, -0.135, -10.3054, -0.8946, 0.3509, 0.1841]
	Neuron 4 weight: [-20.9577, -1.3619, 0.0132, 0.6797, 1.5552, 1.8595, 7.4199, -0.9485, 13.1878, 0.3768, -0.1533, 15.5874, 2.1274, -0.046, -0.8775]
	Neuron 5 weight: [-2.4346, 1.4255, -0.1656, -0.0725, 0.28, 1.7636, 1.1353, 0.4657, -4.5271, -0.231, 1.3344, 4.1277, 0.1974, 6.1259, 0.2434]
Layer 1
	Neuron 1 weight: [-11.375, 6.6031, 7.8298, -8.9295, -0.5683, 6.1913]
	Neuron 2 weight: [-10.3886, 9.6348, 1.2816, -9.2982, 10.8106, 0.7506]
	Neuron 3 weight: [-13.2133, 2.0884, 8.0446, -3.1775, 15.9488, 6.1015]
	Neuron 4 weight: [-1.1677, -2.0378, 9.4408, -7.5311, -3.0931, 4.8845]
	Neuron 5 weight: [-17.3525, 8.1003, 13.7923, -3.7676, 8.6943, 3.8691]
Layer 2
	Neuron 1 weight: [-10.4556, 9.9535, 3.6422, 5.0972, -3.5927, 7.6017]
	Neuron 2 weight: [-6.2857, 3.4985, 1.1267, 2.2794, -1.1673, 0.1785]
	Neuron 3 weight: [-8.8186, 3.7418, 10.584, 0.0132, -2.6409, -0.9399]
	Neuron 4 weight: [-9.8519, 4.1111, 5.4077, 8.0424, -4.1858, 3.4349]
	Neuron 5 weight: [-4.2741, 9.544, -4.8238, 4.3372, 4.3712, 6.9094]
Layer 3
	Neuron 1 weight: [5.4599, -4.3716, -0.6262, -7.7647, -2.0554, 0.1317]
	Neuron 2 weight: [0.0394, -2.7429, -1.76, -1.2363, -1.8868, -2.6863]
	Neuron 3 weight: [-0.0815, -2.6764, -1.7866, -1.2383, -1.9625, -2.7041]
	Neuron 4 weight: [0.1698, -2.7959, -1.7692, -1.163, -1.9372, -2.6664]
	Neuron 5 weight: [0.1718, -2.7945, -1.7432, -1.2224, -2.0006, -2.6603]
Layer 4
	Neuron 1 weight: [-2.6606, 2.7787, 2.0541, 2.2264, 1.8767, 1.8617]
	Neuron 2 weight: [2.6605, -2.7785, -2.0287, -2.2134, -1.8853, -1.8871]

Total test error = 15.3489% 


--- Execution time: 10910.028629302979 seconds ---
