Training data set size: 24128 
Testing data set size: 6033 

Total training iteration executed: 4000
Total training error = 15.1359% 

Neural Network model parameter are as follow:
Layer 0
	Neuron 1 weight: [-1.6052, 1.5576, 1.1816, -1.132, -0.7857, -3.4843, 2.7127, 0.7906, -0.3425, -1.0687, -0.9226, -4.1159, -0.7556, 0.8797, 0.2796]
	Neuron 2 weight: [18.5915, 0.106, -0.7164, 0.3509, 1.0539, 1.518, 2.0641, -0.2905, -14.7273, 0.0071, -1.5946, -38.8038, -0.8659, -0.9621, -0.0348]
	Neuron 3 weight: [2.2246, 5.1075, 0.3392, -0.0373, 0.0139, 2.1824, -2.4345, -0.4571, 0.587, 0.1312, 0.4262, 2.0969, 0.2122, 0.1305, -0.1494]
	Neuron 4 weight: [6.7786, -0.2849, 0.1125, 0.1408, -0.4602, -1.8293, -0.4859, -0.2631, 11.3944, -0.375, -0.8464, -4.1552, -0.8515, -3.5221, -0.2726]
	Neuron 5 weight: [9.5358, 4.3832, -1.9128, 0.4239, 0.9714, 6.4635, 16.061, 1.4227, 5.36, -1.0979, 2.1435, 6.7758, 1.3959, 3.9839, 0.7788]
Layer 1
	Neuron 1 weight: [-2.9329, -29.2431, -31.7464, 25.4089, -32.4268, 9.6248]
	Neuron 2 weight: [-1.483, -1.1105, 3.7723, 14.0843, -15.75, 0.7456]
	Neuron 3 weight: [-3.9399, -10.0816, -3.6785, 15.689, -12.8831, 3.3922]
	Neuron 4 weight: [7.9793, -6.8264, -25.4951, 7.486, -18.0986, 8.9653]
	Neuron 5 weight: [3.9992, -3.1113, -18.6306, 3.9426, -23.7285, 13.6971]
Layer 2
	Neuron 1 weight: [-11.1283, 7.2246, 4.0643, 2.8408, 8.2282, 2.4439]
	Neuron 2 weight: [-11.2425, 7.279, 4.015, 3.0138, 8.3444, 2.4475]
	Neuron 3 weight: [-10.1874, 7.4154, 4.4964, 1.519, 7.283, 1.9802]
	Neuron 4 weight: [-9.9589, 4.2321, 0.3185, -4.1195, 8.8224, 4.4361]
	Neuron 5 weight: [-2.2825, 4.3861, 3.5889, 8.8106, 11.8309, 8.3289]
Layer 3
	Neuron 1 weight: [1.5639, -4.987, -5.095, -4.7156, -1.1303, -2.6027]
	Neuron 2 weight: [9.4668, -5.2357, -5.3767, -4.512, -11.114, 6.1069]
	Neuron 3 weight: [1.7066, -5.2953, -5.3559, -4.9886, -1.2625, -2.6976]
	Neuron 4 weight: [1.6057, -5.1269, -5.1563, -4.7943, -1.1646, -2.6302]
	Neuron 5 weight: [0.5241, -3.9393, -3.9866, -3.6984, -1.086, -2.8827]
Layer 4
	Neuron 1 weight: [-3.39, 1.2219, 3.2305, 1.2352, 1.2271, 2.3273]
	Neuron 2 weight: [3.3898, -1.2491, -3.2302, -1.2028, -1.2338, -2.327]

Total test error = 15.3821% 


--- Execution time: 31798.208299160004 seconds ---
