Training data set size: 24128 
Testing data set size: 6033 

Total training iteration executed: 1000
Total training error = 24.8259% 

Neural Network model parameter are as follow:
Layer 0
	Neuron 1 weight: [0.019, 0.034, 0.0037, -0.0245, -0.0382, 0.0051, 0.0113, 0.0085, 0.0239, -0.0432, 0.0128, -0.0351, 0.0467, -0.0022, 0.0165]
	Neuron 2 weight: [0.0165, -0.0404, 0.0218, -0.0209, 0.0038, 0.0065, -0.0111, -0.0474, 0.0412, 0.0334, 0.0489, 0.023, 0.0439, 0.0147, 0.0398]
	Neuron 3 weight: [-0.0218, -0.0438, -0.0013, -0.0024, 0.0061, -0.036, 0.0232, -0.0182, 0.0383, 0.0157, -0.0457, 0.013, -0.0427, -0.0099, 0.0294]
	Neuron 4 weight: [-0.0145, -0.0474, -0.0385, 0.0275, 0.0094, 0.0159, 0.0166, 0.0394, 0.003, 0.0461, -0.0131, 0.0282, 0.0104, 0.018, 0.0214]
	Neuron 5 weight: [0.0049, 0.0393, 0.0411, -0.0267, 0.0413, 0.0215, 0.0372, -0.0218, 0.0113, -0.0031, 0.0474, 0.0086, -0.0047, 0.0221, 0.0396]
	Neuron 6 weight: [-0.0454, -0.0379, 0.005, 0.0005, -0.0252, -0.0101, 0.0431, 0.0497, -0.048, 0.0232, 0.0233, 0.0394, -0.029, -0.0102, -0.0069]
	Neuron 7 weight: [-0.0172, -0.0146, -0.0012, -0.0011, -0.0476, -0.0336, 0.0272, -0.0301, -0.0389, 0.0349, -0.0049, 0.0193, 0.0229, 0.0144, 0.0182]
	Neuron 8 weight: [0.0265, -0.0237, 0.0171, 0.0258, 0.0495, -0.0198, -0.043, 0.0012, -0.026, 0.0437, 0.0318, 0.0216, -0.0389, -0.0097, -0.0284]
	Neuron 9 weight: [-0.0215, -0.0463, -0.0327, 0.0035, -0.0097, 0.0157, 0.0147, 0.0044, 0.0053, 0.015, 0.0469, -0.0496, -0.0046, 0.0029, -0.0096]
	Neuron 10 weight: [0.0011, 0.0349, 0.0397, -0.0113, 0.0164, -0.0069, -0.0057, -0.0174, 0.003, -0.0021, 0.0106, 0.0237, -0.0246, -0.005, -0.0191]
Layer 1
	Neuron 1 weight: [-0.0022, -0.0479, 0.0089, -0.0102, 0.0282, -0.0101, 0.0114, 0.0047, -0.0424, 0.0015, -0.0128]
	Neuron 2 weight: [-0.035, -0.0013, 0.0132, -0.0411, 0.0236, -0.027, 0.0303, 0.0185, -0.0393, -0.0385, -0.0409]
	Neuron 3 weight: [-0.0335, 0.008, -0.0288, -0.0178, 0.0408, -0.0186, 0.0384, -0.048, 0.0122, -0.0353, 0.0429]
	Neuron 4 weight: [-0.0217, 0.0369, 0.0098, 0.0101, 0.0277, 0.0192, 0.0454, 0.0383, -0.0168, 0.0217, -0.0243]
	Neuron 5 weight: [0.0453, -0.0094, 0.0282, -0.023, 0.0056, -0.0101, 0.0447, 0.0412, -0.0326, 0.0405, -0.0304]
	Neuron 6 weight: [-0.0181, 0.0096, 0.0285, 0.0357, -0.0447, -0.0338, 0.0388, 0.0288, -0.0458, -0.0115, 0.0479]
	Neuron 7 weight: [0.0382, -0.0454, 0.0233, -0.0393, -0.0357, -0.0215, -0.04, 0.0038, 0.0135, -0.0194, -0.0268]
	Neuron 8 weight: [0.024, -0.0066, -0.0211, 0.0431, 0.0177, -0.0311, -0.0338, -0.0267, -0.0164, -0.0366, -0.0008]
Layer 2
	Neuron 1 weight: [0.0239, -0.0087, 0.0047, 0.0048, 0.0199, 0.0335, 0.0311, -0.0118, 0.0067]
	Neuron 2 weight: [0.0079, -0.0469, -0.0101, 0.0389, 0.0039, -0.0089, -0.0492, 0.0386, 0.0485]
	Neuron 3 weight: [-0.0225, 0.0258, -0.035, -0.0025, 0.0205, -0.0452, -0.0255, 0.0061, 0.0039]
	Neuron 4 weight: [0.0192, 0.0496, -0.027, -0.006, -0.016, 0.0493, 0.0272, 0.0196, -0.0176]
	Neuron 5 weight: [0.0119, 0.007, -0.0113, 0.023, -0.0011, 0.0061, 0.0016, 0.0069, -0.0123]
	Neuron 6 weight: [-0.0424, -0.001, -0.0456, -0.0415, 0.0095, 0.038, 0.0266, 0.0209, -0.028]
	Neuron 7 weight: [0.0163, -0.0338, 0.0125, -0.0235, -0.0366, -0.0231, 0.0479, 0.0115, 0.002]
	Neuron 8 weight: [-0.0218, 0.0271, 0.0048, 0.0475, -0.0001, -0.0341, 0.0053, -0.0115, 0.0391]
Layer 3
	Neuron 1 weight: [0.0405, 0.0189, -0.0373, 0.011, -0.0435, 0.0189, 0.0176, -0.0193, -0.0416]
	Neuron 2 weight: [-0.0234, 0.046, 0.035, 0.0163, 0.0497, -0.042, -0.0039, 0.016, 0.0425]
	Neuron 3 weight: [0.0096, 0.0229, 0.0052, -0.0455, -0.0455, 0.0311, -0.0239, 0.003, -0.0392]
	Neuron 4 weight: [0.0423, 0.0474, -0.0463, -0.0443, 0.0173, -0.0139, 0.0151, 0.014, -0.0184]
	Neuron 5 weight: [-0.0417, -0.0024, 0.0438, 0.0054, -0.047, 0.0182, -0.0216, -0.0352, 0.0258]
	Neuron 6 weight: [0.0216, 0.0307, -0.0373, -0.0496, -0.0224, 0.0033, 0.0175, -0.0258, 0.0363]
	Neuron 7 weight: [0.0468, -0.0451, 0.0176, -0.0142, -0.0053, 0.0309, -0.0154, -0.0258, 0.0022]
	Neuron 8 weight: [-0.0477, -0.0064, -0.0249, -0.0448, 0.0496, 0.0342, -0.0422, -0.0133, 0.0074]
Layer 4
	Neuron 1 weight: [0.0217, 0.0523, 0.0034, 0.0075, 0.0354, 0.0199, -0.0454, -0.0344, -0.0401]
	Neuron 2 weight: [0.0056, 0.0034, -0.0207, 0.0104, -0.0199, -0.0277, 0.0254, -0.0174, -0.0062]
	Neuron 3 weight: [0.01, 0.0479, -0.0427, 0.025, -0.0249, 0.0261, -0.0287, -0.0356, -0.0269]
	Neuron 4 weight: [-0.036, -0.044, -0.0148, -0.0137, -0.001, -0.0046, -0.0208, 0.0464, -0.0328]
	Neuron 5 weight: [-0.0377, -0.0208, 0.0036, 0.0075, 0.0132, 0.0159, -0.0055, 0.0324, -0.0075]
	Neuron 6 weight: [-0.008, -0.0277, 0.0174, 0.0268, 0.012, 0.0234, 0.0261, 0.0072, -0.0022]
	Neuron 7 weight: [-0.0344, -0.0284, 0.0118, 0.0154, -0.0407, -0.0206, -0.0209, 0.0261, -0.0138]
	Neuron 8 weight: [0.0329, 0.053, 0.0095, 0.0442, 0.0283, -0.0223, -0.0405, 0.0258, 0.0043]
Layer 5
	Neuron 1 weight: [0.1417, 0.0393, 0.061, 0.0966, 0.033, 0.0464, 0.0596, 0.0133, 0.0894]
	Neuron 2 weight: [0.1079, 0.089, 0.0522, 0.0848, 0.0584, 0.0531, 0.0222, 0.108, 0.0366]
	Neuron 3 weight: [0.1388, 0.0197, 0.086, 0.0865, 0.0771, 0.0275, 0.0994, 0.0103, 0.0426]
	Neuron 4 weight: [0.1187, 0.0738, 0.027, 0.089, 0.0879, 0.0952, 0.1018, 0.0417, 0.0708]
	Neuron 5 weight: [0.1117, 0.0179, 0.0599, 0.0484, 0.0453, 0.094, 0.0381, 0.0539, 0.1136]
	Neuron 6 weight: [0.1403, 0.048, 0.1039, 0.0197, 0.0725, 0.0399, 0.0651, 0.0306, 0.1002]
	Neuron 7 weight: [0.1204, 0.0202, 0.0599, 0.0327, 0.0492, 0.0838, 0.0116, 0.0656, 0.0586]
	Neuron 8 weight: [0.0891, 0.1146, 0.0525, 0.1023, 0.0447, 0.0689, 0.0945, 0.0842, 0.0551]
Layer 6
	Neuron 1 weight: [0.4533, 0.2536, 0.282, 0.249, 0.2219, 0.2817, 0.2328, 0.258, 0.2176]
	Neuron 2 weight: [0.5259, 0.249, 0.2376, 0.2442, 0.2694, 0.308, 0.2331, 0.2661, 0.2884]
	Neuron 3 weight: [0.4905, 0.2595, 0.2809, 0.269, 0.2902, 0.2967, 0.2905, 0.2879, 0.3085]
	Neuron 4 weight: [0.5284, 0.2831, 0.2524, 0.2321, 0.2496, 0.3042, 0.2169, 0.2639, 0.2449]
	Neuron 5 weight: [0.4874, 0.2489, 0.2529, 0.2628, 0.239, 0.2378, 0.2651, 0.2737, 0.2841]
	Neuron 6 weight: [0.5059, 0.2213, 0.2864, 0.2822, 0.3083, 0.2309, 0.2978, 0.2028, 0.3057]
	Neuron 7 weight: [0.4769, 0.2575, 0.2894, 0.248, 0.2896, 0.2463, 0.3184, 0.2939, 0.2749]
	Neuron 8 weight: [0.5292, 0.2887, 0.2504, 0.2228, 0.3088, 0.2296, 0.2992, 0.211, 0.2976]
Layer 7
	Neuron 1 weight: [-0.9694, -0.5699, -0.5967, -0.5857, -0.5805, -0.6224, -0.5872, -0.6397, -0.6388]
	Neuron 2 weight: [-0.9727, -0.5522, -0.6124, -0.6557, -0.5536, -0.5742, -0.6317, -0.5884, -0.6472]
	Neuron 3 weight: [-0.9803, -0.5545, -0.6196, -0.6335, -0.629, -0.5884, -0.5844, -0.6106, -0.5862]
	Neuron 4 weight: [-1.0244, -0.556, -0.5789, -0.5796, -0.6396, -0.5932, -0.6098, -0.5909, -0.6052]
	Neuron 5 weight: [-0.9486, -0.5554, -0.6343, -0.6335, -0.5864, -0.5817, -0.6251, -0.6317, -0.5965]
	Neuron 6 weight: [-0.9446, -0.569, -0.6206, -0.6586, -0.6006, -0.6017, -0.6025, -0.6121, -0.5853]
	Neuron 7 weight: [-0.9512, -0.6083, -0.584, -0.6485, -0.5623, -0.6088, -0.6003, -0.6593, -0.5717]
	Neuron 8 weight: [-0.9689, -0.5531, -0.6525, -0.6304, -0.6419, -0.563, -0.5696, -0.6462, -0.5629]
	Neuron 9 weight: [-0.9855, -0.5756, -0.5804, -0.5978, -0.5884, -0.6022, -0.6225, -0.579, -0.6556]
	Neuron 10 weight: [-1.0219, -0.6196, -0.5778, -0.5795, -0.6207, -0.5523, -0.5867, -0.6031, -0.6179]
Layer 8
	Neuron 1 weight: [1.307, -0.0298, -0.0197, -0.021, -0.0014, 0.0087, 0.0207, 0.0284, -0.0017, 0.027, 0.0044]
	Neuron 2 weight: [-1.3061, -0.0468, -0.0375, -0.0369, -0.0189, -0.006, 0.0043, 0.0117, -0.0157, 0.0084, -0.0139]

Total test error = 25.1616% 


--- Execution time: 26182.37052798271 seconds ---
