Training data set size: 24128 
Testing data set size: 6033 

Total training iteration executed: 4000
Total training error = 14.7546% 

Neural Network model parameter are as follow:
Layer 0
	Neuron 1 weight: [1.9879, 7.2212, -0.4086, 0.824, 0.3842, 3.0848, -6.1993, -0.4022, 3.8291, -0.5325, 4.5549, 6.8843, 1.8751, -1.2121, 0.8337]
	Neuron 2 weight: [20.9896, -1.009, -0.1109, -0.1027, 1.0928, -0.5145, 0.7895, -0.3882, -18.7209, -0.7351, -6.0039, -43.9355, -1.6255, 1.9165, -0.1616]
	Neuron 3 weight: [1.1745, 4.7162, 0.7575, -0.7598, -0.6511, 4.0451, -21.5777, 0.4979, -3.5616, 1.5922, -5.0398, 3.1298, 1.4608, 3.687, -0.9165]
	Neuron 4 weight: [-9.7178, 3.2563, 1.9158, -3.0129, -4.1672, -10.0025, -23.5858, 2.2931, -2.8017, -0.8221, 0.191, -0.1876, -2.4706, 0.7167, 2.5382]
	Neuron 5 weight: [10.7133, 6.5054, 1.5352, -0.828, -1.0008, -5.2988, -6.5219, 0.0385, 30.0681, -2.2438, 0.9801, -5.0861, -3.2095, -0.7408, -0.4978]
	Neuron 6 weight: [-5.625, 5.691, 0.4401, -0.5868, 1.0153, 5.5164, 1.4238, 1.2972, -3.7177, -0.3841, 3.0958, 14.9244, 0.8121, 8.4102, 1.3769]
Layer 1
	Neuron 1 weight: [-3.6117, 6.0812, -16.9645, 16.7944, -12.521, -18.3835, 10.3193]
	Neuron 2 weight: [-14.1465, 6.0293, -7.4697, -4.2474, -1.7147, -8.2005, 18.219]
	Neuron 3 weight: [-7.9091, 8.9338, -28.9586, 19.3414, -21.123, -1.9522, 8.7155]
	Neuron 4 weight: [-9.0694, 4.6411, -17.6625, 21.3468, -5.3538, -14.4872, 2.8458]
	Neuron 5 weight: [-11.2873, 4.0615, 7.7786, 6.185, -2.2503, -4.8898, 4.1111]
	Neuron 6 weight: [-16.345, 8.1919, -12.8413, 15.0123, 4.5834, -8.9153, 7.5657]
	Neuron 7 weight: [-13.8404, 15.9444, -14.6933, -4.5023, -0.713, -16.1169, 17.6627]
	Neuron 8 weight: [-3.0982, 11.0809, -21.8201, 11.4801, -4.2515, -10.7268, 12.246]
Layer 2
	Neuron 1 weight: [-10.3209, 3.0567, 3.0718, 3.5623, 3.7093, -1.7042, 1.0002, 1.4225, -0.2892]
	Neuron 2 weight: [-14.6036, 2.0521, 3.8579, 6.3534, 3.8066, -5.5505, 12.0634, 8.9063, -2.7979]
	Neuron 3 weight: [-9.9037, 2.5981, 2.7003, 3.2538, 3.4201, -1.1795, 0.8863, 0.9398, -0.1704]
	Neuron 4 weight: [-3.8261, 5.4856, 8.8651, 10.4422, 12.5735, 4.2223, 9.6314, -4.7409, -7.8647]
	Neuron 5 weight: [-12.1785, 4.2541, 4.2525, 4.0265, 5.05, -3.7698, 2.188, 2.2982, -0.8094]
	Neuron 6 weight: [-10.9839, 3.6335, 3.8682, 3.947, 4.0655, -2.3356, 1.4803, 1.781, -0.7741]
	Neuron 7 weight: [-4.877, 2.2677, -0.4467, 5.5961, 3.0464, 1.4257, -1.7192, -5.2586, -0.4393]
	Neuron 8 weight: [-14.8391, 6.3584, 6.3438, -2.937, 9.121, 1.3786, 1.8767, 5.7092, 6.9575]
Layer 3
	Neuron 1 weight: [5.5777, -1.9303, -1.8677, -2.1657, -1.9917, -2.0431, -2.0173, 0.4454, 0.5805]
	Neuron 2 weight: [-1.2686, -1.2386, -4.3869, -1.1427, -2.8883, -1.7339, -1.2519, -1.2057, 1.8067]
	Neuron 3 weight: [-1.0097, -1.128, -4.3292, -1.1099, -4.7708, -1.6553, -1.0802, -1.4559, 2.8267]
	Neuron 4 weight: [-1.2286, -1.1679, -4.3723, -1.0982, -3.7719, -1.6861, -1.1107, -1.3387, 2.2706]
	Neuron 5 weight: [9.7067, -1.9132, -5.657, -1.6753, -8.8979, -3.0407, -2.3038, 1.071, -3.9718]
	Neuron 6 weight: [-0.6506, -1.1044, -4.2487, -1.0791, -5.98, -1.6462, -1.0669, -1.5921, 3.5019]
Layer 4
	Neuron 1 weight: [-4.1997, 3.2744, 1.9369, 3.1027, 2.6425, 1.7938, 3.7071]
	Neuron 2 weight: [4.1999, -3.2745, -1.9321, -3.173, -2.6162, -1.7939, -3.6718]

Total test error = 16.1445% 


--- Execution time: 60317.43249940872 seconds ---
