Training data set size: 24128 
Testing data set size: 6033 

Total training iteration executed: 4000
Total training error = 14.0584% 

Neural Network model parameter are as follow:
Layer 0
	Neuron 1 weight: [-29.5087, -1.8678, -4.3688, -3.4204, -4.3392, 22.2684, 5.6117, -7.4683, 16.2495, -0.31, 2.0183, 11.8386, 5.8795, -0.7402, 4.0785]
	Neuron 2 weight: [-0.2337, 13.3306, 1.5161, -2.6862, 2.0562, 2.2942, -38.5073, -0.6738, -8.5015, -1.5486, -13.7328, 10.9315, 2.6586, 1.7853, 1.7599]
	Neuron 3 weight: [2.2058, -4.4192, -2.6392, -5.8736, -7.7207, -17.0055, 9.8714, 6.9737, -6.2404, -7.4036, -11.3067, 15.3679, 11.0042, 16.7102, 5.6931]
	Neuron 4 weight: [-25.8759, -0.2605, 0.6742, 0.2042, -0.7306, -1.0788, -0.8433, 1.0992, 24.7807, -0.449, 9.9036, 52.82, 1.7728, 0.4392, -0.9537]
	Neuron 5 weight: [13.0728, 30.8936, -7.8198, 6.9656, 0.6512, 7.6982, -12.0652, 7.8532, 1.1002, 6.403, -1.6265, 24.5869, 1.1846, -3.4551, -4.2752]
	Neuron 6 weight: [2.2153, -10.7922, -2.5006, 0.6461, 0.891, -5.0294, -2.9263, 0.0073, 2.1328, 1.8429, 2.1877, -15.6665, -2.0798, -16.4057, -2.3381]
	Neuron 7 weight: [7.2814, -2.0715, 6.809, -0.7205, -2.7448, -10.2901, 1.1612, -1.2846, -2.5178, -0.4264, 0.1253, 16.017, -5.8208, -2.2625, 1.1269]
	Neuron 8 weight: [4.9088, 6.6995, 1.1627, -1.0509, -1.2, -6.1179, -0.203, 0.2249, 18.9341, -1.7801, -0.9424, -14.8626, -2.7675, -3.4474, -0.4336]
	Neuron 9 weight: [27.4597, 16.6379, -0.1166, -8.1753, -3.8447, -7.4304, -18.5605, 0.4113, -21.6036, -5.0262, -1.3566, -20.157, -0.5058, 8.5477, 2.6366]
	Neuron 10 weight: [17.3161, -4.2975, -0.592, 0.1908, -0.9355, -2.2422, -7.5224, 0.286, 30.5896, 3.4514, -1.6656, -0.7462, -1.1957, -4.7432, -0.7786]
Layer 1
	Neuron 1 weight: [-14.2127, 5.7276, 20.8746, 7.426, 28.4515, -0.3219, -8.648, -4.3192, -6.8418, -10.9859, -12.2897]
	Neuron 2 weight: [-28.7422, 3.0107, 9.5645, 2.7702, 9.3846, 14.4476, -6.3983, 12.8589, -4.8474, -3.963, -12.6123]
	Neuron 3 weight: [-1.6398, -14.582, 12.5476, -9.1874, 4.1266, -8.8085, -9.7543, -8.4486, -12.4505, 4.8518, -13.414]
	Neuron 4 weight: [-12.1017, 1.2168, 8.7317, 15.408, 6.4787, -9.1961, 14.8305, -10.8201, -2.0426, 3.0842, -23.8002]
	Neuron 5 weight: [-4.3894, -1.1654, 8.6772, -14.1717, 28.294, 3.8577, -3.2388, -6.0352, -25.8112, -3.8404, -7.5933]
	Neuron 6 weight: [-7.171, -5.9057, -9.0713, -0.5813, 15.8811, 13.2473, -14.4415, 3.3621, -9.7733, -13.2405, -7.6269]
	Neuron 7 weight: [-1.4352, -8.602, -0.1737, -3.6285, -9.0106, 6.5374, -3.1948, -1.9896, -7.3047, 7.8077, -3.6304]
	Neuron 8 weight: [-15.1299, 14.9077, 2.0077, -13.211, -9.2084, 13.2772, -4.0426, -11.1085, -22.4369, 14.0311, -14.9538]
	Neuron 9 weight: [-3.5613, 12.1695, 7.9758, -9.1813, -1.6946, -4.9037, -16.2461, -13.2341, -4.2038, -1.5092, 4.1933]
	Neuron 10 weight: [-15.3671, 18.7756, 16.1677, -2.1534, 6.3176, 16.4824, -4.0525, 3.1827, -13.9616, -22.3942, -11.3395]
Layer 2
	Neuron 1 weight: [-1.8809, 1.8841, 13.8467, -9.5236, 1.0631, -17.4727, -0.6404, -12.677, 4.1639, -5.115, -8.5518]
	Neuron 2 weight: [3.0109, -4.0018, -3.3319, -4.0211, 0.3446, -5.2179, -5.1501, -5.1806, -1.2853, -4.7476, -2.6934]
	Neuron 3 weight: [-0.8946, -5.94, -3.1588, -3.11, -5.1214, 0.9125, -0.9891, -5.1549, -3.2255, -0.1863, 2.1346]
	Neuron 4 weight: [-3.7884, 3.1586, 0.9824, -3.5395, 10.0948, -10.6675, 2.8286, -4.4407, -14.2158, -7.8345, -4.4163]
	Neuron 5 weight: [18.9706, -11.6776, -9.5505, -5.2434, -6.0898, -10.6495, -9.6143, 4.1819, -5.2533, -3.4408, -14.0286]
	Neuron 6 weight: [1.42, -7.327, -4.3151, -4.1703, -4.8991, 2.7137, -4.1501, 1.2495, -3.9611, -6.3357, 3.4783]
	Neuron 7 weight: [-7.747, 1.5261, -12.2288, -2.5482, -1.6336, 2.1446, -7.7323, 4.7521, -0.5058, -9.7434, 12.1512]
	Neuron 8 weight: [1.328, -4.7516, -9.0006, -0.6296, -11.018, 3.4918, -2.9783, -1.2805, -14.2271, 1.5329, 5.7699]
	Neuron 9 weight: [-1.8688, -3.5185, -0.191, -2.9513, -2.0761, -0.7254, -2.5314, -0.1277, -0.6425, -3.1184, -0.5747]
	Neuron 10 weight: [-6.1736, 0.5009, -3.3174, -6.3296, 1.1726, -0.1755, -0.7157, -0.665, 4.6895, 4.4262, 5.9933]
Layer 3
	Neuron 1 weight: [-4.4681, 1.5982, 1.1765, 3.1608, 1.2438, 3.9407, 1.5008, 1.5557, 1.4698, 1.6784, 1.1533]
	Neuron 2 weight: [4.4681, -1.5982, -1.1765, -3.1608, -1.2438, -3.9407, -1.5008, -1.5557, -1.4698, -1.6784, -1.1533]

Total test error = 15.9622% 


--- Execution time: 62639.861501932144 seconds ---
