Training data set size: 24128 
Testing data set size: 6033 

Total training iteration executed: 1000
Total training error = 14.1454% 

Neural Network model parameter are as follow:
Layer 0
	Neuron 1 weight: [-9.3848, 2.0234, -6.8154, -0.8477, -0.6276, -1.3453, -1.293, -19.0423, 0.2961, 3.1, -2.0163, 7.7723, 5.2666, 2.8514, 3.2273]
	Neuron 2 weight: [1.4985, -1.1985, -3.5658, 1.2802, 4.9959, 8.2937, -7.3394, -6.0463, -0.9719, 4.0414, 0.3165, 2.6271, 4.5947, -1.9075, -0.1385]
	Neuron 3 weight: [-11.0566, -0.4, -2.8561, 1.0864, 6.1211, 6.7763, 2.8522, 0.7361, -3.005, -0.163, -5.9369, -10.8299, 3.0344, 2.5402, 3.7232]
	Neuron 4 weight: [22.6314, 0.0824, -0.5356, 0.5949, -1.149, 0.1087, -3.9903, -1.4376, -14.6564, -0.618, -0.352, -12.6717, 0.2178, 2.6644, 0.0019]
	Neuron 5 weight: [-1.4357, -2.6814, -2.5361, 1.1339, -4.8764, 11.9778, -0.5035, 11.6808, -0.3531, -1.8852, 0.091, 4.6132, 0.5821, 3.1827, 0.9664]
	Neuron 6 weight: [8.6069, 0.3617, -0.4976, 0.3367, -0.4299, -2.5766, -2.1674, -0.891, 16.7601, -0.049, -1.1299, -5.6541, -0.251, -1.8012, 0.0637]
	Neuron 7 weight: [2.2127, 11.4241, 0.0116, -0.2147, 1.9472, 2.2437, -9.8447, 0.8228, 4.3874, -0.1263, 4.6815, 4.5349, 0.7475, 0.8207, 0.7697]
	Neuron 8 weight: [-3.782, 6.7879, 0.9794, 0.9089, -1.5532, 2.8219, 0.8794, 1.3786, -6.8735, -1.8515, 1.1574, 9.3304, 0.6982, 12.857, 0.7883]
	Neuron 9 weight: [-15.6376, -4.5448, 5.3154, 1.7663, -3.161, 12.1242, -10.0629, 5.8822, 0.6131, 2.0871, -1.5802, 2.443, 0.4657, -2.9876, -3.0977]
	Neuron 10 weight: [9.7871, 0.7263, -1.0496, -0.3746, 0.9749, 1.3755, 1.0148, -0.3988, -10.5229, 0.8038, -3.8437, -23.8374, -1.6133, -0.0732, 0.461]
Layer 1
	Neuron 1 weight: [-2.9646, -6.3445, 2.1288, 0.3148, -3.5241, 4.7592, -11.7984, 7.5224, 2.6906, 0.1751, -10.2015]
	Neuron 2 weight: [-0.1032, 6.1272, 1.6145, -3.8718, -5.5394, 1.1988, -8.6449, 0.1082, 5.5581, 0.0238, -9.1348]
	Neuron 3 weight: [-1.0576, 1.5243, 4.5016, -0.9751, 0.2861, 4.2301, -7.5898, 0.8203, 7.5556, -6.2211, -1.3939]
	Neuron 4 weight: [-5.6928, 6.3129, 8.9377, 3.6461, -7.5262, 9.0082, -7.1496, -0.6694, 1.699, 5.0183, -8.6292]
	Neuron 5 weight: [-3.592, 3.9938, 3.1118, -0.9082, -0.7569, 2.7881, -9.8654, 6.8567, 2.119, -0.4985, -10.6217]
	Neuron 6 weight: [-5.9566, -0.6529, 1.0206, 3.5898, -3.2671, 1.9243, -10.9785, 5.6033, 5.0381, -5.7296, 0.6006]
	Neuron 7 weight: [-0.5887, 2.3394, 5.2409, 4.6331, -1.2353, -0.7448, -11.4695, 2.6953, -3.2398, 0.0436, -7.483]
	Neuron 8 weight: [4.1032, 2.8782, -1.739, 9.0005, -18.0823, -5.6655, -8.9799, 9.6459, 8.7572, 3.4997, -8.0713]
	Neuron 9 weight: [-5.4369, -1.803, 6.0147, -3.7764, -9.1556, 11.5079, -8.4754, 5.7756, 3.2196, 8.6608, 0.8752]
	Neuron 10 weight: [-11.7223, 5.5752, 6.8212, 0.0534, -6.3765, -0.4584, -7.7519, 7.9145, 1.9807, 9.877, 1.1077]
Layer 2
	Neuron 1 weight: [-8.0254, 1.6503, 2.5028, -0.1071, 2.8886, 1.7671, 0.9759, 1.4037, 2.3808, 3.0508, -0.0195]
	Neuron 2 weight: [-7.7351, 2.385, 2.8638, 0.0714, 1.7617, 1.9501, 0.7872, 2.0871, 2.3046, 2.9688, 0.2573]
	Neuron 3 weight: [-4.2422, 4.3381, 5.251, 1.0412, -3.6887, 2.1816, -3.2741, 6.8545, -0.2383, 1.9265, -3.6215]
	Neuron 4 weight: [-2.9427, 0.9765, -0.7511, 3.7114, 4.2771, 4.2786, 9.446, 3.8658, 3.9489, -5.2642, 0.5898]
	Neuron 5 weight: [-7.0293, 2.4346, 3.8476, 0.806, -0.9207, 2.2553, 0.2632, 1.9083, 2.7298, 3.9747, 2.0922]
	Neuron 6 weight: [-7.5157, -0.4368, 2.8471, -0.1226, 0.2363, 0.3481, 0.8073, 0.894, 3.409, 3.8309, 2.3298]
	Neuron 7 weight: [-14.9681, 3.6879, -0.2567, 7.9629, 5.6518, -0.8396, -1.035, -3.9799, 7.2003, 0.318, 7.5211]
	Neuron 8 weight: [-6.7527, 3.3886, 2.2703, 2.0839, -6.734, -0.8088, -0.67, 2.9735, 1.8154, 5.8968, -0.5082]
	Neuron 9 weight: [-5.8938, 3.4836, 3.9906, 0.5856, -3.6517, 2.2464, -3.8266, 3.0075, 3.2419, 3.847, 0.06]
	Neuron 10 weight: [-8.3366, 3.6106, 2.4331, -0.0144, 2.9906, 1.9286, 1.5287, 2.1121, 2.0679, 2.8359, -0.2961]
Layer 3
	Neuron 1 weight: [-0.3186, -0.9252, -0.8246, -1.5644, -1.0836, -0.6024, -1.0556, -1.956, -0.798, -0.7441, -0.907]
	Neuron 2 weight: [-0.3004, -0.9519, -0.8198, -1.5946, -1.1059, -0.5653, -1.0165, -1.9845, -0.8075, -0.7114, -0.8912]
	Neuron 3 weight: [-0.3062, -0.9718, -0.7747, -1.5195, -1.1277, -0.548, -1.0855, -1.9656, -0.7533, -0.679, -0.8734]
	Neuron 4 weight: [-0.3156, -0.9462, -0.8284, -1.5448, -1.091, -0.5882, -1.0411, -1.9727, -0.7494, -0.6499, -0.8754]
	Neuron 5 weight: [3.2123, -3.0475, -2.7229, -3.6859, 3.1928, -1.3124, -1.4824, 5.6126, -0.4696, -3.831, -3.6879]
	Neuron 6 weight: [-0.2885, -0.947, -0.7796, -1.4775, -1.1876, -0.5324, -1.0924, -1.9537, -0.7901, -0.5919, -0.892]
	Neuron 7 weight: [-0.2873, -0.898, -0.8144, -1.6197, -1.0867, -0.5744, -1.0317, -2.0127, -0.8148, -0.6528, -0.897]
	Neuron 8 weight: [-0.3236, -0.9391, -0.8478, -1.5384, -1.1174, -0.5788, -1.09, -1.9534, -0.7118, -0.6849, -0.8446]
	Neuron 9 weight: [-0.3064, -0.9112, -0.8505, -1.6182, -1.0831, -0.5965, -1.052, -1.9619, -0.8284, -0.6909, -0.9021]
	Neuron 10 weight: [-0.359, -0.9341, -0.9193, -1.6154, -1.0165, -0.6837, -1.0053, -1.8931, -0.7827, -0.7248, -0.9434]
Layer 4
	Neuron 1 weight: [-3.9204, 1.4322, 1.4295, 1.3792, 1.3979, 2.9787, 1.4727, 1.4518, 1.3798, 1.3885, 1.3959]
	Neuron 2 weight: [3.9197, -1.4068, -1.4044, -1.442, -1.398, -2.9779, -1.414, -1.3555, -1.4393, -1.4541, -1.4154]

Total test error = 16.0782% 


--- Execution time: 16804.046365499496 seconds ---
