Execution: python3 ../src/NNDriver.py ../data/iris.csv 80 2000 4 6 8 8 6

Training data set size: 119 
Testing data set size: 30 

Total training iteration executed: 2000
Total training error = 66.3866% 

Neural Network model parameter are as follow:
Layer 0
	Neuron 1 weight: [-0.0349, 0.0076, -0.0012, 0.0096, 0.0022]
	Neuron 2 weight: [-0.0273, -0.0429, -0.0321, 0.0249, 0.0018]
	Neuron 3 weight: [0.0242, 0.0141, 0.0468, -0.031, 0.0241]
	Neuron 4 weight: [0.0227, -0.0487, -0.0047, -0.0241, 0.0299]
	Neuron 5 weight: [0.0404, -0.0092, 0.0202, -0.0295, -0.0285]
	Neuron 6 weight: [-0.0214, -0.0263, 0.0164, -0.0302, -0.0382]
Layer 1
	Neuron 1 weight: [-0.0321, -0.0181, -0.0358, -0.0188, -0.0154, -0.029, -0.0123]
	Neuron 2 weight: [0.0606, 0.0375, 0.031, -0.0326, -0.0076, -0.0365, -0.0127]
	Neuron 3 weight: [0.0098, 0.0256, -0.0287, 0.002, 0.0109, -0.0263, 0.0172]
	Neuron 4 weight: [-0.0302, 0.0426, -0.0364, 0.0116, 0.0536, 0.0372, -0.0324]
	Neuron 5 weight: [0.0305, -0.0345, 0.0432, 0.0563, 0.0083, 0.0535, 0.035]
	Neuron 6 weight: [-0.0143, 0.0419, 0.0163, -0.0352, -0.0123, -0.0031, -0.0188]
	Neuron 7 weight: [0.0234, 0.0433, 0.0374, -0.016, -0.0309, 0.0409, 0.0348]
	Neuron 8 weight: [0.0235, -0.0196, -0.0011, -0.0238, 0.0486, -0.0327, -0.0097]
Layer 2
	Neuron 1 weight: [0.2164, 0.0841, 0.0967, 0.0874, 0.0603, 0.113, 0.0634, 0.0766, 0.0576]
	Neuron 2 weight: [0.1822, 0.0758, 0.1463, 0.1475, 0.1411, 0.1108, 0.1106, 0.0806, 0.0987]
	Neuron 3 weight: [0.1819, 0.051, 0.0945, 0.0838, 0.0687, 0.1206, 0.1404, 0.1009, 0.0571]
	Neuron 4 weight: [0.2298, 0.0608, 0.1073, 0.1359, 0.0816, 0.1382, 0.135, 0.0867, 0.1224]
	Neuron 5 weight: [0.2405, 0.1012, 0.155, 0.0571, 0.1204, 0.0834, 0.0823, 0.0599, 0.0908]
	Neuron 6 weight: [0.1314, 0.0963, 0.1359, 0.0851, 0.0743, 0.0682, 0.1129, 0.0628, 0.0838]
	Neuron 7 weight: [0.1737, 0.0889, 0.0882, 0.1154, 0.1194, 0.1385, 0.1188, 0.0655, 0.0685]
	Neuron 8 weight: [0.2559, 0.0548, 0.0973, 0.1443, 0.0766, 0.1394, 0.1531, 0.1473, 0.1417]
Layer 3
	Neuron 1 weight: [-0.7057, -0.3852, -0.4259, -0.425, -0.3623, -0.3649, -0.3532, -0.4128, -0.4375]
	Neuron 2 weight: [-0.6759, -0.3769, -0.4308, -0.408, -0.3956, -0.4406, -0.3307, -0.4283, -0.4098]
	Neuron 3 weight: [-0.7259, -0.3687, -0.4096, -0.362, -0.4139, -0.4377, -0.3502, -0.3799, -0.4011]
	Neuron 4 weight: [-0.7003, -0.4067, -0.3694, -0.352, -0.4064, -0.4225, -0.3863, -0.3661, -0.4627]
	Neuron 5 weight: [-0.7413, -0.3471, -0.37, -0.4015, -0.3539, -0.3845, -0.3906, -0.4107, -0.4572]
	Neuron 6 weight: [-0.6786, -0.3859, -0.4244, -0.3469, -0.4207, -0.42, -0.407, -0.4259, -0.3945]
Layer 4
	Neuron 1 weight: [-0.5912, -0.2312, -0.218, -0.2626, -0.2321, -0.2125, -0.2051]
	Neuron 2 weight: [-0.6479, -0.2545, -0.2363, -0.2716, -0.263, -0.2329, -0.232]
	Neuron 3 weight: [-0.5957, -0.2502, -0.2374, -0.2671, -0.2329, -0.237, -0.214]

Total test error = 70.0000% 


--- Execution time: 97.57769393920898 seconds ---
